
  -1   336  -4   32  7.4999889616E+000  5.3931548966E-001  3.0780110934E-002  5.6606237077E-001  4.0110008469E+000  4.7145347598E+000  1.3606846896E+000  1.1036794854E+000

  -1  -339  -4   34  7.4999903426E+000  5.3947383083E-001  3.4837048069E-002  5.6364273787E-001  3.9993280074E+000  4.7147770892E+000  1.3605676758E+000  1.1036527317E+000

  -1  -403  -4   41  7.4999961249E+000  5.5025849261E-001  1.5619061593E-001  4.8817377227E-001  3.6697946476E+000  4.7464217736E+000  1.3568370522E+000  1.1052821672E+000

  -1   808  -4   43  7.4999954137E+000  6.5744996284E-001  6.3719684978E-001  8.6487126044E-001  6.2313785772E+000  4.9448492549E+000  1.3675473749E+000  1.0929359831E+000

  -1  -961  -4   54  7.4999972787E+000  5.5025985726E-001  1.5619651257E-001  4.8816685393E-001  3.6696923762E+000  4.7463771561E+000  1.3568375209E+000  1.1052808436E+000

  -1 -1026  -4   60  7.4999753636E+000  5.3946587830E-001  3.4678455859E-002  5.6374346987E-001  3.9999961066E+000  4.7148913526E+000  1.3605731945E+000  1.1036518159E+000

  -1   337  -4   67  7.4999999412E+000  5.3931534692E-001  3.0768763732E-002  5.6606752262E-001  4.0110258497E+000  4.7145932653E+000  1.3606827719E+000  1.1036789528E+000

  -1  -340  -4   69  7.4999897450E+000  5.3947635686E-001  3.4878871091E-002  5.6360764462E-001  3.9990232272E+000  4.7147568876E+000  1.3605670072E+000  1.1036523361E+000

  -1   349  -4   72  7.4999961523E+000  5.4018414895E-001  5.0291601678E-002  5.5436132707E-001  3.9549437536E+000  4.7159152947E+000  1.3601232616E+000  1.1035614734E+000

  -1  -404  -4   75  7.4999925948E+000  5.5025850175E-001  1.5619073233E-001  4.8817633322E-001  3.6698237272E+000  4.7464435385E+000  1.3568376852E+000  1.1052835246E+000

  -1   412  -4   83  7.4999999052E+000  6.8555950354E-001  7.0296213635E-001  9.5256475299E-001  6.7691197514E+000  5.0103527574E+000  1.3648744946E+000  1.0959988966E+000

  -1   548  -4   85  7.4999942379E+000  6.5745306859E-001  6.3721834389E-001  8.6487027132E-001  6.2313493613E+000  4.9447268620E+000  1.3675483410E+000  1.0929363009E+000

  -1  -962  -4   87  7.4999982562E+000  5.5025814834E-001  1.5618948256E-001  4.8817985369E-001  3.6698667373E+000  4.7463793986E+000  1.3568362324E+000  1.1052788298E+000

  -1 -1026  -4   92  7.4999751832E+000  5.3947060350E-001  3.4778570114E-002  5.6367678372E-001  3.9995722471E+000  4.7148597640E+000  1.3605714887E+000  1.1036523895E+000

  -1  -334  -4  101  7.4999620430E+000  5.3947263506E-001  3.4816379854E-002  5.6365025848E-001  3.9992652367E+000  4.7147568707E+000  1.3605737135E+000  1.1036502567E+000

  -1  -399  -4  106  7.4999981848E+000  5.5026414183E-001  1.5621727708E-001  4.8813965954E-001  3.6694835409E+000  4.7462113722E+000  1.3568386193E+000  1.1052794335E+000

  -1   812  -4  108  7.4999938056E+000  6.5744854456E-001  6.3718648381E-001  8.6486108116E-001  6.2312683705E+000  4.9448461203E+000  1.3675476425E+000  1.0929291779E+000

  -1   949  -4  110  7.4999500034E+000  6.8555816659E-001  7.0292316558E-001  9.5255346688E-001  6.7689091426E+000  5.0102631850E+000  1.3648857974E+000  1.0959950464E+000

  -1   419  -4  113  7.4999770703E+000  6.8555354694E-001  7.0294574490E-001  9.5255744988E-001  6.7690276981E+000  5.0104697957E+000  1.3648781400E+000  1.0959933248E+000

  -1   555  -4  115  7.4999990297E+000  6.5744822098E-001  6.3718898411E-001  8.6487114480E-001  6.2313648757E+000  4.9448824932E+000  1.3675460193E+000  1.0929339341E+000

  -1  -960  -4  117  7.4999921623E+000  5.5025757519E-001  1.5618095483E-001  4.8818008614E-001  3.6698782266E+000  4.7464137648E+000  1.3568376186E+000  1.1052765962E+000

  -1 -1024  -4  123  7.4999924054E+000  5.3948007543E-001  3.4959209378E-002  5.6354060251E-001  3.9986277867E+000  4.7146405614E+000  1.3605654884E+000  1.1036474595E+000

  -1   418  -4  130  7.4999539553E+000  6.8551108676E-001  7.0285278468E-001  9.5249905844E-001  6.7694190872E+000  5.0112031963E+000  1.3648729088E+000  1.0959774376E+000

  -1   555  -4  132  7.4999978387E+000  6.5744917568E-001  6.3719189231E-001  8.6486449556E-001  6.2313803535E+000  4.9448596769E+000  1.3675470475E+000  1.0929343043E+000

  -1  -960  -4  134  7.4999951654E+000  5.5025766723E-001  1.5618295756E-001  4.8817786191E-001  3.6698176760E+000  4.7463958537E+000  1.3568377913E+000  1.1052810814E+000

  -1  1014  -4  136  7.4999996022E+000  5.4018519502E-001  5.0322960419E-002  5.5434143448E-001  3.9549927397E+000  4.7159582363E+000  1.3601214038E+000  1.1035642655E+000

  -1 -1023  -4  138  7.4999899515E+000  5.3947293976E-001  3.4813009722E-002  5.6365217091E-001  3.9993855720E+000  4.7147502062E+000  1.3605682216E+000  1.1036465172E+000

  -1  -333  -4  147  7.4999722107E+000  5.3947759930E-001  3.4903736513E-002  5.6358999244E-001  3.9989396202E+000  4.7147140567E+000  1.3605698236E+000  1.1036509572E+000

  -1  -397  -4  152  7.4999906026E+000  5.5026228876E-001  1.5620941045E-001  4.8814659238E-001  3.6696472924E+000  4.7463654362E+000  1.3568381490E+000  1.1052855290E+000

  -1   811  -4  154  7.4999991513E+000  6.5744954613E-001  6.3720801844E-001  8.6487133317E-001  6.2312643275E+000  4.9448773934E+000  1.3675459184E+000  1.0929375484E+000

  -1  -963  -4  163  7.4999972442E+000  5.5025256565E-001  1.5614678144E-001  4.8820794981E-001  3.6700790077E+000  4.7465380592E+000  1.3568360317E+000  1.1052824108E+000

  -1 -1028  -4  168  7.4999714679E+000  5.3947902890E-001  3.4940738197E-002  5.6355753282E-001  3.9986869939E+000  4.7145978516E+000  1.3605699938E+000  1.1036492667E+000

  -1  1030  -4  170  7.4999776702E+000  5.3931691555E-001  3.0840094278E-002  5.6602977634E-001  4.0109578217E+000  4.7146470011E+000  1.3606848628E+000  1.1036816329E+000

  -1   337  -4  173  7.4999999749E+000  5.3931212506E-001  3.0675205819E-002  5.6611306601E-001  4.0111231707E+000  4.7144771172E+000  1.3606872112E+000  1.1036805660E+000

  -1  -341  -4  176  7.4999994950E+000  5.3945799161E-001  3.4543309019E-002  5.6384604858E-001  4.0006680486E+000  4.7151066341E+000  1.3605718498E+000  1.1036478896E+000

  -1   350  -4  178  7.4999999990E+000  5.4018571215E-001  5.0340625882E-002  5.5433176359E-001  3.9549143647E+000  4.7159415721E+000  1.3601212295E+000  1.1035603407E+000

  -1  -960  -4  193  7.4999958700E+000  5.5025058207E-001  1.5613637854E-001  4.8820544892E-001  3.6699167609E+000  4.7464206632E+000  1.3568387891E+000  1.1052779039E+000

  -1 -1023  -4  198  7.4999809293E+000  5.3947068927E-001  3.4781707434E-002  5.6366363164E-001  3.9994575037E+000  4.7147768381E+000  1.3605713871E+000  1.1036482125E+000

  -1  1025  -4  200  7.4999996774E+000  5.3931622284E-001  3.0818342674E-002  5.6603156726E-001  4.0109050570E+000  4.7145796997E+000  1.3606822079E+000  1.1036787324E+000

  -1   337  -4  204  7.4999948594E+000  5.3931401731E-001  3.0721493752E-002  5.6610337351E-001  4.0111580375E+000  4.7145015486E+000  1.3606852294E+000  1.1036849357E+000

  -1  -340  -4  206  7.4999899634E+000  5.3947859346E-001  3.4920247668E-002  5.6358709213E-001  3.9989556336E+000  4.7146639561E+000  1.3605658150E+000  1.1036535153E+000

  -1   809  -4  213  7.4999899305E+000  6.5744333901E-001  6.3718844096E-001  8.6486126323E-001  6.2314109864E+000  4.9449538622E+000  1.3675450984E+000  1.0929398169E+000

  -1   946  -4  215  7.4999940928E+000  6.8556041063E-001  7.0295803901E-001  9.5255256521E-001  6.7690636933E+000  5.0104312886E+000  1.3648745590E+000  1.0960031469E+000
