0
0.10000000000000001
0.20000000000000001
0.30000000000000004
0.40000000000000002
0.5
0.59999999999999998
0.69999999999999996
0.79999999999999993
0.89999999999999991
0.99999999999999989
1.0999999999999999
1.2
1.3
1.4000000000000001
1.5000000000000002
1.6000000000000003
1.7000000000000004
1.8000000000000005
1.9000000000000006
2.0000000000000004
2.1000000000000005
2.2000000000000006
2.3000000000000007
2.4000000000000008
2.5000000000000009
2.600000000000001
2.7000000000000011
2.8000000000000012
2.9000000000000012
3.0000000000000013
3.1000000000000014
3.2000000000000015
3.3000000000000016
3.4000000000000017
3.5000000000000018
3.6000000000000019
3.700000000000002
3.800000000000002
3.9000000000000021
4.0000000000000018
4.1000000000000014
4.2000000000000011
4.3000000000000007
4.4000000000000004
4.5
4.5999999999999996
4.6999999999999993
4.7999999999999989
4.8999999999999986
4.9999999999999982
5.0999999999999979
5.1999999999999975
5.2999999999999972
5.3999999999999968
5.4999999999999964
5.5999999999999961
5.6999999999999957
5.7999999999999954
5.899999999999995
5.9999999999999947
6.0999999999999943
6.199999999999994
6.2999999999999936
6.3999999999999932
6.4999999999999929
6.5999999999999925
6.6999999999999922
6.7999999999999918
6.8999999999999915
6.9999999999999911
7.0999999999999908
7.1999999999999904
7.2999999999999901
7.3999999999999897
7.4999999999999893
7.599999999999989
7.6999999999999886
7.7999999999999883
7.8999999999999879
7.9999999999999876
8.0999999999999872
8.1999999999999869
8.2999999999999865
8.3999999999999861
8.4999999999999858
8.5999999999999854
8.6999999999999851
8.7999999999999847
8.8999999999999844
8.999999999999984
9.0999999999999837
9.1999999999999833
9.2999999999999829
9.3999999999999826
9.4999999999999822
9.5999999999999819
9.6999999999999815
9.7999999999999812
9.8999999999999808
9.9999999999999805
10.09999999999998
10.19999999999998
10.299999999999979
10.399999999999979
10.499999999999979
