     1     1     9     1     2     1      81     5     166   20    4   12    0    4    2    0
       0.0000000000E+00   5.0000000000E-01   0.0000000000E+00   0.0000000000E+00   1.0000000000E+00
       1.2500000000E-02   5.0000000000E-01   0.0000000000E+00   7.8459095728E-02   9.9691733373E-01
       2.5000000000E-02   5.0000000000E-01   0.0000000000E+00   1.5643446504E-01   9.8768834060E-01
       3.7500000000E-02   5.0000000000E-01   0.0000000000E+00   2.3344536386E-01   9.7236992040E-01
       5.0000000000E-02   5.0000000000E-01   0.0000000000E+00   3.0901699437E-01   9.5105651630E-01
       6.2500000000E-02   5.0000000000E-01   0.0000000000E+00   3.8268343237E-01   9.2387953251E-01
       7.5000000000E-02   5.0000000000E-01   0.0000000000E+00   4.5399049974E-01   8.9100652419E-01
       8.7500000000E-02   5.0000000000E-01   0.0000000000E+00   5.2249856472E-01   8.5264016435E-01
       1.0000000000E-01   5.0000000000E-01   0.0000000000E+00   5.8778525229E-01   8.0901699437E-01
       1.1250000000E-01   5.0000000000E-01   0.0000000000E+00   6.4944804833E-01   7.6040596560E-01
       1.2500000000E-01   5.0000000000E-01   0.0000000000E+00   7.0710678119E-01   7.0710678119E-01
       1.3750000000E-01   5.0000000000E-01   0.0000000000E+00   7.6040596560E-01   6.4944804833E-01
       1.5000000000E-01   5.0000000000E-01   0.0000000000E+00   8.0901699437E-01   5.8778525229E-01
       1.6250000000E-01   5.0000000000E-01   0.0000000000E+00   8.5264016435E-01   5.2249856472E-01
       1.7500000000E-01   5.0000000000E-01   0.0000000000E+00   8.9100652419E-01   4.5399049974E-01
       1.8750000000E-01   5.0000000000E-01   0.0000000000E+00   9.2387953251E-01   3.8268343237E-01
       2.0000000000E-01   5.0000000000E-01   0.0000000000E+00   9.5105651630E-01   3.0901699437E-01
       2.1250000000E-01   5.0000000000E-01   0.0000000000E+00   9.7236992040E-01   2.3344536386E-01
       2.2500000000E-01   5.0000000000E-01   0.0000000000E+00   9.8768834060E-01   1.5643446504E-01
       2.3750000000E-01   5.0000000000E-01   0.0000000000E+00   9.9691733373E-01   7.8459095728E-02
       2.5000000000E-01   5.0000000000E-01   0.0000000000E+00   1.0000000000E+00   6.1230317691E-17
       2.6250000000E-01   5.0000000000E-01   0.0000000000E+00   9.9691733373E-01  -7.8459095728E-02
       2.7500000000E-01   5.0000000000E-01   0.0000000000E+00   9.8768834060E-01  -1.5643446504E-01
       2.8750000000E-01   5.0000000000E-01   0.0000000000E+00   9.7236992040E-01  -2.3344536386E-01
       3.0000000000E-01   5.0000000000E-01   0.0000000000E+00   9.5105651630E-01  -3.0901699437E-01
       3.1250000000E-01   5.0000000000E-01   0.0000000000E+00   9.2387953251E-01  -3.8268343237E-01
       3.2500000000E-01   5.0000000000E-01   0.0000000000E+00   8.9100652419E-01  -4.5399049974E-01
       3.3750000000E-01   5.0000000000E-01   0.0000000000E+00   8.5264016435E-01  -5.2249856472E-01
       3.5000000000E-01   5.0000000000E-01   0.0000000000E+00   8.0901699437E-01  -5.8778525229E-01
       3.6250000000E-01   5.0000000000E-01   0.0000000000E+00   7.6040596560E-01  -6.4944804833E-01
       3.7500000000E-01   5.0000000000E-01   0.0000000000E+00   7.0710678119E-01  -7.0710678119E-01
       3.8750000000E-01   5.0000000000E-01   0.0000000000E+00   6.4944804833E-01  -7.6040596560E-01
       4.0000000000E-01   5.0000000000E-01   0.0000000000E+00   5.8778525229E-01  -8.0901699437E-01
       4.1250000000E-01   5.0000000000E-01   0.0000000000E+00   5.2249856472E-01  -8.5264016435E-01
       4.2500000000E-01   5.0000000000E-01   0.0000000000E+00   4.5399049974E-01  -8.9100652419E-01
       4.3750000000E-01   5.0000000000E-01   0.0000000000E+00   3.8268343237E-01  -9.2387953251E-01
       4.5000000000E-01   5.0000000000E-01   0.0000000000E+00   3.0901699437E-01  -9.5105651630E-01
       4.6250000000E-01   5.0000000000E-01   0.0000000000E+00   2.3344536386E-01  -9.7236992040E-01
       4.7500000000E-01   5.0000000000E-01   0.0000000000E+00   1.5643446504E-01  -9.8768834060E-01
       4.8750000000E-01   5.0000000000E-01   0.0000000000E+00   7.8459095728E-02  -9.9691733373E-01
       5.0000000000E-01   5.0000000000E-01   0.0000000000E+00   1.2246063538E-16  -1.0000000000E+00
       5.1250000000E-01   5.0000000000E-01   0.0000000000E+00  -7.8459095728E-02  -9.9691733373E-01
       5.2500000000E-01   5.0000000000E-01   0.0000000000E+00  -1.5643446504E-01  -9.8768834060E-01
       5.3750000000E-01   5.0000000000E-01   0.0000000000E+00  -2.3344536386E-01  -9.7236992040E-01
       5.5000000000E-01   5.0000000000E-01   0.0000000000E+00  -3.0901699437E-01  -9.5105651630E-01
       5.6250000000E-01   5.0000000000E-01   0.0000000000E+00  -3.8268343237E-01  -9.2387953251E-01
       5.7500000000E-01   5.0000000000E-01   0.0000000000E+00  -4.5399049974E-01  -8.9100652419E-01
       5.8750000000E-01   5.0000000000E-01   0.0000000000E+00  -5.2249856472E-01  -8.5264016435E-01
       6.0000000000E-01   5.0000000000E-01   0.0000000000E+00  -5.8778525229E-01  -8.0901699437E-01
       6.1250000000E-01   5.0000000000E-01   0.0000000000E+00  -6.4944804833E-01  -7.6040596560E-01
       6.2500000000E-01   5.0000000000E-01   0.0000000000E+00  -7.0710678119E-01  -7.0710678119E-01
       6.3750000000E-01   5.0000000000E-01   0.0000000000E+00  -7.6040596560E-01  -6.4944804833E-01
       6.5000000000E-01   5.0000000000E-01   0.0000000000E+00  -8.0901699437E-01  -5.8778525229E-01
       6.6250000000E-01   5.0000000000E-01   0.0000000000E+00  -8.5264016435E-01  -5.2249856472E-01
       6.7500000000E-01   5.0000000000E-01   0.0000000000E+00  -8.9100652419E-01  -4.5399049974E-01
       6.8750000000E-01   5.0000000000E-01   0.0000000000E+00  -9.2387953251E-01  -3.8268343237E-01
       7.0000000000E-01   5.0000000000E-01   0.0000000000E+00  -9.5105651630E-01  -3.0901699437E-01
       7.1250000000E-01   5.0000000000E-01   0.0000000000E+00  -9.7236992040E-01  -2.3344536386E-01
       7.2500000000E-01   5.0000000000E-01   0.0000000000E+00  -9.8768834060E-01  -1.5643446504E-01
       7.3750000000E-01   5.0000000000E-01   0.0000000000E+00  -9.9691733373E-01  -7.8459095728E-02
       7.5000000000E-01   5.0000000000E-01   0.0000000000E+00  -1.0000000000E+00  -1.8369095307E-16
       7.6250000000E-01   5.0000000000E-01   0.0000000000E+00  -9.9691733373E-01   7.8459095728E-02
       7.7500000000E-01   5.0000000000E-01   0.0000000000E+00  -9.8768834060E-01   1.5643446504E-01
       7.8750000000E-01   5.0000000000E-01   0.0000000000E+00  -9.7236992040E-01   2.3344536386E-01
       8.0000000000E-01   5.0000000000E-01   0.0000000000E+00  -9.5105651630E-01   3.0901699437E-01
       8.1250000000E-01   5.0000000000E-01   0.0000000000E+00  -9.2387953251E-01   3.8268343237E-01
       8.2500000000E-01   5.0000000000E-01   0.0000000000E+00  -8.9100652419E-01   4.5399049974E-01
       8.3750000000E-01   5.0000000000E-01   0.0000000000E+00  -8.5264016435E-01   5.2249856472E-01
       8.5000000000E-01   5.0000000000E-01   0.0000000000E+00  -8.0901699437E-01   5.8778525229E-01
       8.6250000000E-01   5.0000000000E-01   0.0000000000E+00  -7.6040596560E-01   6.4944804833E-01
       8.7500000000E-01   5.0000000000E-01   0.0000000000E+00  -7.0710678119E-01   7.0710678119E-01
       8.8750000000E-01   5.0000000000E-01   0.0000000000E+00  -6.4944804833E-01   7.6040596560E-01
       9.0000000000E-01   5.0000000000E-01   0.0000000000E+00  -5.8778525229E-01   8.0901699437E-01
       9.1250000000E-01   5.0000000000E-01   0.0000000000E+00  -5.2249856472E-01   8.5264016435E-01
       9.2500000000E-01   5.0000000000E-01   0.0000000000E+00  -4.5399049974E-01   8.9100652419E-01
       9.3750000000E-01   5.0000000000E-01   0.0000000000E+00  -3.8268343237E-01   9.2387953251E-01
       9.5000000000E-01   5.0000000000E-01   0.0000000000E+00  -3.0901699437E-01   9.5105651630E-01
       9.6250000000E-01   5.0000000000E-01   0.0000000000E+00  -2.3344536386E-01   9.7236992040E-01
       9.7500000000E-01   5.0000000000E-01   0.0000000000E+00  -1.5643446504E-01   9.8768834060E-01
       9.8750000000E-01   5.0000000000E-01   0.0000000000E+00  -7.8459095728E-02   9.9691733373E-01
       1.0000000000E+00   5.0000000000E-01   0.0000000000E+00  -2.4492127076E-16   1.0000000000E+00
    3   11
       9.9989157569E-01   0.0000000000E+00
       8.0961211451E-03   1.0161457772E-02  -0.0000000000E+00  -0.0000000000E+00
       6.7942521520E-03   1.0128512903E-02   0.0000000000E+00   0.0000000000E+00
       5.4504961456E-03   1.0033122492E-02   0.0000000000E+00   0.0000000000E+00
       4.0731360638E-03   9.8758745818E-03  -0.0000000000E+00  -0.0000000000E+00
       2.6706618735E-03   9.6577383880E-03   0.0000000000E+00   0.0000000000E+00
       1.2517221268E-03   9.3800589477E-03   0.0000000000E+00   0.0000000000E+00
      -1.7493297246E-04   9.0445487609E-03   0.0000000000E+00   0.0000000000E+00
      -1.6005095534E-03   8.6532759566E-03  -0.0000000000E+00  -0.0000000000E+00
      -3.0162203898E-03   8.2086522810E-03   0.0000000000E+00   0.0000000000E+00
      -4.4133351814E-03   7.7134194683E-03   0.0000000000E+00   0.0000000000E+00
      -5.7832384323E-03   7.1706315800E-03   0.0000000000E+00   0.0000000000E+00
      -7.1174861443E-03   6.5836343899E-03  -0.0000000000E+00  -0.0000000000E+00
      -8.4078539861E-03   5.9560460957E-03   0.0000000000E+00   0.0000000000E+00
      -9.6463844926E-03   5.2917367488E-03   0.0000000000E+00   0.0000000000E+00
      -1.0825440220E-02   4.5948030194E-03   0.0000000000E+00   0.0000000000E+00
      -1.1937753601E-02   3.8695408182E-03  -0.0000000000E+00  -0.0000000000E+00
      -1.2976468253E-02   3.1204206204E-03   0.0000000000E+00   0.0000000000E+00
      -1.3935178479E-02   2.3520619667E-03   0.0000000000E+00   0.0000000000E+00
      -1.4807972494E-02   1.5692031253E-03   0.0000000000E+00   0.0000000000E+00
      -1.5589470560E-02   7.7666963055E-04  -0.0000000000E+00  -0.0000000000E+00
      -1.6274855396E-02  -2.0653366577E-05   0.0000000000E+00   0.0000000000E+00
      -1.6859900104E-02  -8.1784902854E-04   0.0000000000E+00   0.0000000000E+00
      -1.7340997247E-02  -1.6100013039E-03   0.0000000000E+00   0.0000000000E+00
      -1.7715181522E-02  -2.3922273919E-03  -0.0000000000E+00  -0.0000000000E+00
      -1.7980146298E-02  -3.1597056581E-03   0.0000000000E+00   0.0000000000E+00
      -1.8134257237E-02  -3.9077032626E-03   0.0000000000E+00   0.0000000000E+00
      -1.8176564368E-02  -4.6316075880E-03   0.0000000000E+00   0.0000000000E+00
      -1.8106807088E-02  -5.3269565296E-03  -0.0000000000E+00  -0.0000000000E+00
      -1.7925415206E-02  -5.9894639448E-03   0.0000000000E+00   0.0000000000E+00
      -1.7633506923E-02  -6.6150442747E-03   0.0000000000E+00   0.0000000000E+00
      -1.7232882724E-02  -7.1998398511E-03   0.0000000000E+00   0.0000000000E+00
      -1.6726012219E-02  -7.7402460471E-03  -0.0000000000E+00  -0.0000000000E+00
      -1.6116019580E-02  -8.2329317696E-03   0.0000000000E+00   0.0000000000E+00
      -1.5406666092E-02  -8.6748586635E-03   0.0000000000E+00   0.0000000000E+00
      -1.4602326451E-02  -9.0633016253E-03   0.0000000000E+00   0.0000000000E+00
      -1.3707958736E-02  -9.3958663521E-03  -0.0000000000E+00  -0.0000000000E+00
      -1.2729075670E-02  -9.6705028705E-03   0.0000000000E+00   0.0000000000E+00
      -1.1671713438E-02  -9.8855174450E-03   0.0000000000E+00   0.0000000000E+00
      -1.0542392725E-02  -1.0039584289E-02   0.0000000000E+00   0.0000000000E+00
      -9.3480747440E-03  -1.0131753794E-02  -0.0000000000E+00  -0.0000000000E+00
      -8.0961211451E-03  -1.0161457772E-02   0.0000000000E+00   0.0000000000E+00
      -6.7942521521E-03  -1.0128512903E-02   0.0000000000E+00   0.0000000000E+00
      -5.4504961456E-03  -1.0033122492E-02   0.0000000000E+00   0.0000000000E+00
      -4.0731360639E-03  -9.8758745818E-03  -0.0000000000E+00  -0.0000000000E+00
      -2.6706618736E-03  -9.6577383880E-03   0.0000000000E+00   0.0000000000E+00
      -1.2517221269E-03  -9.3800589477E-03   0.0000000000E+00   0.0000000000E+00
       1.7493297243E-04  -9.0445487609E-03   0.0000000000E+00   0.0000000000E+00
       1.6005095534E-03  -8.6532759566E-03  -0.0000000000E+00  -0.0000000000E+00
       3.0162203898E-03  -8.2086522810E-03   0.0000000000E+00   0.0000000000E+00
       4.4133351814E-03  -7.7134194683E-03   0.0000000000E+00   0.0000000000E+00
       5.7832384323E-03  -7.1706315800E-03   0.0000000000E+00   0.0000000000E+00
       7.1174861442E-03  -6.5836343899E-03  -0.0000000000E+00  -0.0000000000E+00
       8.4078539861E-03  -5.9560460957E-03   0.0000000000E+00   0.0000000000E+00
       9.6463844925E-03  -5.2917367488E-03   0.0000000000E+00   0.0000000000E+00
       1.0825440220E-02  -4.5948030194E-03   0.0000000000E+00   0.0000000000E+00
       1.1937753601E-02  -3.8695408182E-03  -0.0000000000E+00  -0.0000000000E+00
       1.2976468253E-02  -3.1204206204E-03   0.0000000000E+00   0.0000000000E+00
       1.3935178479E-02  -2.3520619667E-03   0.0000000000E+00   0.0000000000E+00
       1.4807972494E-02  -1.5692031253E-03   0.0000000000E+00   0.0000000000E+00
       1.5589470560E-02  -7.7666963056E-04  -0.0000000000E+00  -0.0000000000E+00
       1.6274855396E-02   2.0653366568E-05   0.0000000000E+00   0.0000000000E+00
       1.6859900104E-02   8.1784902853E-04   0.0000000000E+00   0.0000000000E+00
       1.7340997247E-02   1.6100013039E-03   0.0000000000E+00   0.0000000000E+00
       1.7715181522E-02   2.3922273919E-03  -0.0000000000E+00  -0.0000000000E+00
       1.7980146298E-02   3.1597056581E-03   0.0000000000E+00   0.0000000000E+00
       1.8134257237E-02   3.9077032626E-03   0.0000000000E+00   0.0000000000E+00
       1.8176564368E-02   4.6316075880E-03   0.0000000000E+00   0.0000000000E+00
       1.8106807088E-02   5.3269565296E-03  -0.0000000000E+00  -0.0000000000E+00
       1.7925415206E-02   5.9894639448E-03   0.0000000000E+00   0.0000000000E+00
       1.7633506923E-02   6.6150442747E-03   0.0000000000E+00   0.0000000000E+00
       1.7232882724E-02   7.1998398511E-03   0.0000000000E+00   0.0000000000E+00
       1.6726012219E-02   7.7402460471E-03  -0.0000000000E+00  -0.0000000000E+00
       1.6116019580E-02   8.2329317696E-03   0.0000000000E+00   0.0000000000E+00
       1.5406666092E-02   8.6748586634E-03   0.0000000000E+00   0.0000000000E+00
       1.4602326451E-02   9.0633016253E-03   0.0000000000E+00   0.0000000000E+00
       1.3707958736E-02   9.3958663520E-03  -0.0000000000E+00  -0.0000000000E+00
       1.2729075670E-02   9.6705028705E-03   0.0000000000E+00   0.0000000000E+00
       1.1671713438E-02   9.8855174450E-03   0.0000000000E+00   0.0000000000E+00
       1.0542392725E-02   1.0039584289E-02   0.0000000000E+00   0.0000000000E+00
       9.3480747440E-03   1.0131753794E-02  -0.0000000000E+00  -0.0000000000E+00
       8.0961211451E-03   1.0161457772E-02  -0.0000000000E+00  -0.0000000000E+00
       5.0000000000E-01   5.0000000000E-01   0.0000000000E+00   4.9999998882E-03   1.0000000000E+02   1.0000000000E+00   0.0000000000E+00
       0.0000000000E+00   0.0000000000E+00   0.0000000000E+00   6.2831853072E-02   0.0000000000E+00
     1     4    -4     2     2     1      81     5     166   20    4   12    0    4    2    0
       0.0000000000E+00   5.0161936086E-01   2.0325122749E-03  -7.1712108228E-09   1.0000000000E+00
       1.1782688252E-02   5.0137414216E-01   2.0266392664E-03   7.3965237280E-02   9.9726081825E-01
       2.3565376504E-02   5.0112139561E-01   2.0096636267E-03   1.4752519501E-01   9.8905829592E-01
       3.5348064756E-02   5.0086250551E-01   1.9816783499E-03   2.2027695829E-01   9.7543736735E-01
       4.7130753008E-02   5.0059888980E-01   1.9428367054E-03   2.9182204404E-01   9.5647263144E-01
       5.8425145130E-02   5.0034309986E-01   1.8956103397E-03   3.5890646764E-01   9.3337352885E-01
       6.9719537252E-02   5.0008558274E-01   1.8388417421E-03   4.2418413843E-01   9.0557595680E-01
       8.1013929375E-02   4.9982763449E-01   1.7728166374E-03   4.8732651747E-01   8.7321982471E-01
       9.2308321497E-02   4.9957055337E-01   1.6978673186E-03   5.4801580820E-01   8.3646797550E-01
       1.0353354141E-01   4.9931718579E-01   1.6149076741E-03   6.0560064479E-01   7.9576872018E-01
       1.1475876133E-01   4.9906721339E-01   1.5239180796E-03   6.6017412087E-01   7.5111259281E-01
       1.2598398124E-01   4.9882187895E-01   1.4253509024E-03   7.1146492473E-01   7.0272160767E-01
       1.3720920116E-01   4.9858240222E-01   1.3196961669E-03   7.5921805787E-01   6.5083633940E-01
       1.4870885563E-01   4.9834438996E-01   1.2046583007E-03   8.0422203280E-01   5.9432896485E-01
       1.6020851010E-01   4.9811501752E-01   1.0833341182E-03   8.4502918615E-01   5.3472018011E-01
       1.7170816458E-01   4.9789548169E-01   9.5635663030E-04   8.8142661304E-01   4.7232099503E-01
       1.8320781905E-01   4.9768692799E-01   8.2438833113E-04   9.1322440620E-01   4.0745697196E-01
       1.9839733297E-01   4.9743012779E-01   6.4359754694E-04   9.4789662751E-01   3.1857803538E-01
       2.1358684688E-01   4.9719671858E-01   4.5694954234E-04   9.7394139051E-01   2.2679979871E-01
       2.2877636080E-01   4.9698882410E-01   2.6614257635E-04   9.9112175359E-01   1.3295732682E-01
       2.4396587471E-01   4.9680833606E-01   7.2912720347E-05   9.9928136808E-01   3.7904452120E-02
       2.5642919599E-01   4.9668187376E-01  -8.6210934102E-05   9.9918419473E-01  -4.0384889423E-02
       2.6889251727E-01   4.9657574952E-01  -2.4480596949E-04   9.9296280647E-01  -1.1842659824E-01
       2.8135583855E-01   4.9649061361E-01  -4.0190053624E-04   9.8065533675E-01  -1.9574244511E-01
       2.9381915983E-01   4.9642698771E-01  -5.5653197481E-04   9.6233719475E-01  -2.7185864651E-01
       3.0549607183E-01   4.9638724182E-01  -6.9832923012E-04   9.3982037193E-01  -3.4166894016E-01
       3.1717298384E-01   4.9636693449E-01  -8.3636899544E-04   9.1224689317E-01  -4.0964082074E-01
       3.2884989584E-01   4.9636617487E-01  -9.6990869869E-04   8.7976509441E-01  -4.7540863984E-01
       3.4052680784E-01   4.9638496699E-01  -1.0982299648E-03   8.4254970381E-01  -5.3861860038E-01
       3.5202802322E-01   4.9642249103E-01  -1.2188473947E-03   8.0146167813E-01  -5.9804613115E-01
       3.6352923860E-01   4.9647868896E-01  -1.3331025083E-03   7.5619018437E-01  -6.5435189425E-01
       3.7503045397E-01   4.9655326742E-01  -1.4403990297E-03   7.0697149350E-01  -7.0724204054E-01
       3.8653166935E-01   4.9664583715E-01  -1.5401769836E-03   6.5406246746E-01  -7.5644053880E-01
       3.9829467627E-01   4.9675861992E-01  -1.6339061662E-03   5.9641982630E-01  -8.0267265232E-01
       4.1005768318E-01   4.9688910041E-01  -1.7187140039E-03   5.3552075151E-01  -8.4452206640E-01
       4.2182069009E-01   4.9703656629E-01  -1.7941375414E-03   4.7169769555E-01  -8.8176033026E-01
       4.3358369701E-01   4.9720021257E-01  -1.8597650294E-03   4.0529906564E-01  -9.1418415402E-01
       4.5018777438E-01   4.9745700088E-01  -1.9350459032E-03   3.0789449517E-01  -9.5142048931E-01
       4.6679185176E-01   4.9774144042E-01  -1.9892845575E-03   2.0714225732E-01  -9.7831081589E-01
       4.8339592913E-01   4.9805043938E-01  -2.0218915286E-03   1.0413753322E-01  -9.9456288994E-01
       5.0000000651E-01   4.9838063927E-01  -2.0325122747E-03  -3.3728435013E-08  -1.0000000000E+00
       5.1178269477E-01   4.9862585798E-01  -2.0266392601E-03  -7.3965278102E-02  -9.9726081522E-01
       5.2356538302E-01   4.9887860453E-01  -2.0096636143E-03  -1.4752523553E-01  -9.8905828988E-01
       5.3534807128E-01   4.9913749463E-01  -1.9816783314E-03  -2.2027699828E-01  -9.7543735831E-01
       5.4713075954E-01   4.9940111034E-01  -1.9428366809E-03  -2.9182208329E-01  -9.5647261946E-01
       5.5842515159E-01   4.9965690029E-01  -1.8956103099E-03  -3.5890650554E-01  -9.3337351428E-01
       5.6971954365E-01   4.9991441741E-01  -1.8388417073E-03  -4.2418417481E-01  -9.0557593976E-01
       5.8101393570E-01   5.0017236565E-01  -1.7728165979E-03  -4.8732655217E-01  -8.7321980534E-01
       5.9230832775E-01   5.0042944678E-01  -1.6978672747E-03  -5.4801584108E-01  -8.3646795396E-01
       6.0353354766E-01   5.0068281435E-01  -1.6149076257E-03  -6.0560067602E-01  -7.9576869642E-01
       6.1475876756E-01   5.0093278675E-01  -1.5239180269E-03  -6.6017415030E-01  -7.5111256695E-01
       6.2598398747E-01   5.0117812118E-01  -1.4253508457E-03  -7.1146495221E-01  -7.0272157984E-01
       6.3720920737E-01   5.0141759791E-01  -1.3196961065E-03  -7.5921808328E-01  -6.5083630976E-01
       6.4870886190E-01   5.0165561016E-01  -1.2046582362E-03  -8.0422205620E-01  -5.9432893318E-01
       6.6020851643E-01   5.0188498260E-01  -1.0833340499E-03  -8.4502920739E-01  -5.3472014655E-01
       6.7170817095E-01   5.0210451842E-01  -9.5635655848E-04  -8.8142663196E-01  -4.7232095973E-01
       6.8320782548E-01   5.0231307212E-01  -8.2438825611E-04  -9.1322442265E-01  -4.0745693508E-01
       6.9839732355E-01   5.0256987206E-01  -6.4359766102E-04  -9.4789660866E-01  -3.1857809147E-01
       7.1358682162E-01   5.0280328105E-01  -4.5694985669E-04  -9.7394135451E-01  -2.2679995330E-01
       7.2877631969E-01   5.0301117538E-01  -2.6614309678E-04  -9.9112171925E-01  -1.3295758281E-01
       7.4396581776E-01   5.0319166331E-01  -7.2913447184E-05  -9.9928135451E-01  -3.7904809697E-02
       7.5642914174E-01   5.0331812573E-01   8.6210241931E-05  -9.9918420849E-01   4.0384548846E-02
       7.6889246572E-01   5.0342425008E-01   2.4480531600E-04  -9.9296284483E-01   1.1842627665E-01
       7.8135578971E-01   5.0350938610E-01   4.0189992479E-04  -9.8065539682E-01   1.9574214415E-01
       7.9381911369E-01   5.0357301209E-01   5.5653140807E-04  -9.6233727356E-01   2.7185836751E-01
       8.0549602605E-01   5.0361275806E-01   6.9832868107E-04  -9.3982047021E-01   3.4166866983E-01
       8.1717293842E-01   5.0363306547E-01   8.3636846681E-04  -9.1224701007E-01   4.0964056041E-01
       8.2884985078E-01   5.0363382517E-01   9.6990819303E-04  -8.7976522900E-01   4.7540839078E-01
       8.4052676315E-01   5.0361503312E-01   1.0982294845E-03  -8.4254985507E-01   5.3861836378E-01
       8.5202797868E-01   5.0357750915E-01   1.2188469396E-03  -8.0146184549E-01   5.9804590687E-01
       8.6352919422E-01   5.0352131129E-01   1.3331020805E-03  -7.5619036685E-01   6.5435168338E-01
       8.7503040975E-01   5.0344673290E-01   1.4403986312E-03  -7.0697169002E-01   7.0724184408E-01
       8.8653162528E-01   5.0335416324E-01   1.5401766164E-03  -6.5406267691E-01   7.5644035769E-01
       8.9829463179E-01   5.0324138054E-01   1.6339058284E-03  -5.9642005058E-01   8.0267248567E-01
       9.1005763831E-01   5.0311090012E-01   1.7187136980E-03  -5.3552098963E-01   8.4452191541E-01
       9.2182064482E-01   5.0296343431E-01   1.7941372697E-03  -4.7169794639E-01   8.8176019607E-01
       9.3358365133E-01   5.0279978810E-01   1.8597647940E-03  -4.0529932802E-01   9.1418403770E-01
       9.5018773850E-01   5.0254299971E-01   1.9350457630E-03  -3.0789470969E-01   9.5142041989E-01
       9.6679182567E-01   5.0225856005E-01   1.9892844891E-03  -2.0714241771E-01   9.7831078193E-01
       9.8339591283E-01   5.0194956094E-01   2.0218915073E-03  -1.0413763509E-01   9.9456287927E-01
       1.0000000000E+00   5.0161936086E-01   2.0325122749E-03  -7.1712108228E-09   1.0000000000E+00
    3   11
       9.9989156894E-01   1.5241278936E-12
       8.0951624036E-03   1.0161469957E-02  -3.7728487366E-08   1.1150079744E-10
       6.8691615336E-03   1.0132107518E-02  -6.5226586354E-08   6.0832521821E-09
       5.6055283680E-03   1.0047237929E-02  -1.3226462143E-07   2.4790626515E-08
       4.3111815048E-03   9.9073260033E-03   1.1433766331E-07  -1.4929307962E-08
       2.9932114105E-03   9.7131382565E-03  -3.0369243858E-07   5.0321070608E-08
       1.7143647631E-03   9.4770311682E-03   1.2164389417E-07  -6.7314420079E-08
       4.2688480252E-04   9.1932185906E-03  -3.0826702272E-07   1.5723062445E-07
      -8.6275430110E-04   8.8631277990E-03   1.2479536405E-07  -5.5170429925E-08
      -2.1480574199E-03   8.4884212250E-03  -1.0045131388E-07   4.5198502084E-08
      -3.4147974033E-03   8.0736666961E-03   2.8211129553E-07  -2.7635204970E-07
      -4.6645601739E-03   7.6187680639E-03  -2.8506031072E-07   2.6828083681E-07
      -5.8911378061E-03   7.1259845018E-03  -8.3623270495E-08   9.5403778662E-08
      -7.0884287033E-03   6.5977668142E-03   1.7060748162E-07  -1.7457011090E-07
      -8.2783942432E-03   6.0226392053E-03  -5.2029522705E-08   9.5938275500E-09
      -9.4251614533E-03   5.4160833009E-03  -9.0477605797E-08   1.3029937714E-07
      -1.0522744615E-02   4.7812641084E-03  -1.9343065158E-07   3.7850852303E-07
      -1.1565417858E-02   4.1214921393E-03   1.5725845774E-07  -2.9772171998E-07
      -1.2849286937E-02   3.2176346615E-03   7.3026451466E-08  -4.6476702363E-07
      -1.4016193804E-02   2.2844957367E-03  -1.0902126999E-07   3.3826475305E-07
      -1.5055521377E-02   1.3305632971E-03  -9.6381985524E-08   4.9685622671E-07
      -1.5957810114E-02   3.6451710185E-04  -3.8795328067E-08   2.2219244158E-07
      -1.6589992680E-02  -4.3101680961E-04  -5.7355534026E-08  -3.8385597952E-07
      -1.7120479976E-02  -1.2239057834E-03   5.0442368012E-08   3.7134108357E-07
      -1.7546024346E-02  -2.0092949456E-03  -2.1032301573E-09  -4.4275415431E-08
      -1.7864017358E-02  -2.7823686984E-03   3.0142115787E-08   2.1437694724E-07
      -1.8062620519E-02  -3.4912795902E-03  -1.6682399570E-07  -3.3086725104E-07
      -1.8164033783E-02  -4.1814030930E-03   1.7874210045E-07   3.6795615483E-07
      -1.8167713637E-02  -4.8490302887E-03   8.6756704249E-11  -1.6838704856E-08
      -1.8073641874E-02  -5.4905674599E-03  -1.7806890291E-08  -2.2175697392E-08
      -1.7885920958E-02  -6.0935899021E-03  -2.5815776100E-07  -2.7141191911E-07
      -1.7604842252E-02  -6.6648029344E-03   2.3735567414E-07   2.5994159612E-07
      -1.7231872856E-02  -7.2012276733E-03   1.5384287415E-07   1.4510503902E-07
      -1.6768960743E-02  -7.7000639042E-03  -1.9540851481E-07  -1.9300711042E-07
      -1.6204998375E-02  -8.1686585650E-03   1.7204004277E-08   6.6040177273E-08
      -1.5552564229E-02  -8.5926516190E-03   1.1962201477E-07   8.6669634462E-08
      -1.4815220739E-02  -8.9697280411E-03   3.9086235503E-07   2.0131504116E-07
      -1.3996990886E-02  -9.2978301739E-03  -2.9857989371E-07  -1.5679804330E-07
      -1.2713080268E-02  -9.6741933888E-03  -1.0692696003E-06  -2.5550469461E-07
      -1.1290949828E-02  -9.9453560518E-03   3.9006894491E-07   1.4359752228E-07
      -9.7460478614E-03  -1.0108372547E-02   7.5454590455E-07   1.3752844931E-07
      -8.0951617380E-03  -1.0161469957E-02   3.7727318605E-08  -1.1132316177E-10
      -6.8691608447E-03  -1.0132107486E-02   6.5226976112E-08  -6.0833193505E-09
      -5.6055276596E-03  -1.0047237867E-02   1.3226419775E-07  -2.4790568228E-08
      -4.3111807807E-03  -9.9073259107E-03  -1.1433750205E-07   1.4929283538E-08
      -2.9932106748E-03  -9.7131381340E-03   3.0369229120E-07  -5.0321062836E-08
      -1.7143640283E-03  -9.4770310194E-03  -1.2164343870E-07   6.7314192483E-08
      -4.2688407250E-04  -9.1932184167E-03   3.0826679402E-07  -1.5723052564E-07
       8.6275502264E-04  -8.8631276015E-03  -1.2479554308E-07   5.5170524849E-08
       2.1480581294E-03  -8.4884210055E-03   1.0045173243E-07  -4.5198723574E-08
       3.4147981039E-03  -8.0736664540E-03  -2.8211127500E-07   2.7635205025E-07
       4.6645608622E-03  -7.6187678005E-03   2.8506040397E-07  -2.6828095227E-07
       5.8911384787E-03  -7.1259842185E-03   8.3622971290E-08  -9.5403487229E-08
       7.0884293569E-03  -6.5977665124E-03  -1.7060725736E-07   1.7456989829E-07
       8.2783948806E-03  -6.0226388830E-03   5.2029083612E-08  -9.5933901222E-09
       9.4251620707E-03  -5.4160829594E-03   9.0477811743E-08  -1.3029979347E-07
       1.0522745209E-02  -4.7812637493E-03   1.9343047617E-07  -3.7850821245E-07
       1.1565418424E-02  -4.1214917642E-03  -1.5725845718E-07   2.9772175023E-07
       1.2849286176E-02  -3.2176352319E-03  -7.3025242434E-08   4.6476275649E-07
       1.4016191967E-02  -2.2844973083E-03   1.0902087420E-07  -3.3826382393E-07
       1.5055518746E-02  -1.3305658990E-03   9.6381672442E-08  -4.9685474998E-07
       1.5957806998E-02  -3.6452073563E-04   3.8794865660E-08  -2.2218900905E-07
       1.6589990147E-02   4.3101334913E-04   5.7355992549E-08   3.8385981007E-07
       1.7120477997E-02   1.2239025163E-03  -5.0442474038E-08  -3.7134265009E-07
       1.7546022887E-02   2.0092918886E-03   2.1029686998E-09   4.4273809216E-08
       1.7864016383E-02   2.7823658650E-03  -3.0141599533E-08  -2.1437409369E-07
       1.8062619930E-02   3.4912768452E-03   1.6682499601E-07   3.3086944928E-07
       1.8164033578E-02   4.1814004501E-03  -1.7874217872E-07  -3.6795657255E-07
       1.8167713811E-02   4.8490277607E-03  -8.7845832927E-11   1.6836572396E-08
       1.8073642421E-02   5.4905650587E-03   1.7808437942E-08   2.2178747730E-08
       1.7885921867E-02   6.0935876265E-03   2.5815581922E-07   2.7141012443E-07
       1.7604843515E-02   6.6648007954E-03  -2.3735433910E-07  -2.5994040374E-07
       1.7231874464E-02   7.2012256812E-03  -1.5384497359E-07  -1.4510722505E-07
       1.6768962686E-02   7.7000620682E-03   1.9540973550E-07   1.9300843603E-07
       1.6205000676E-02   8.1686568762E-03  -1.7206399028E-08  -6.6042588677E-08
       1.5552566882E-02   8.5926500896E-03  -1.1961903659E-07  -8.6668163972E-08
       1.4815223735E-02   8.9697266828E-03  -3.9086458047E-07  -2.0131631569E-07
       1.3996994214E-02   9.2978289973E-03   2.9857989815E-07   1.5679814988E-07
       1.2713083198E-02   9.6741926877E-03   1.0692667498E-06   2.5550471182E-07
       1.1290952164E-02   9.9453557100E-03  -3.9006896198E-07  -1.4359788810E-07
       9.7460494330E-03   1.0108372441E-02  -7.5454910692E-07  -1.3752915375E-07
       8.0951624036E-03   1.0161469957E-02  -3.7728487366E-08   1.1150079744E-10
       5.0000000000E-01   5.0000000000E-01   1.9999998518E-01   4.9999998882E-03   1.0000000000E+02   1.0000000000E+00   0.0000000000E+00
       0.0000000000E+00   0.0000000000E+00   0.0000000000E+00   6.2831853072E-02   0.0000000000E+00
     1    10     9     3     2     1      81     5     166   20    4   12    0    4    2    0
       0.0000000000E+00   5.4063229007E-01   5.1831896676E-02  -2.2267209873E-05   9.9999999978E-01
       1.2274666587E-02   5.3407901430E-01   5.1669290664E-02   7.7025417735E-02   9.9702912685E-01
       2.4549333174E-02   5.2732135943E-01   5.1199522872E-02   1.5361507714E-01   9.8813076198E-01
       3.6823999761E-02   5.2039816142E-01   5.0425384094E-02   2.2929147083E-01   9.7335780482E-01
       4.9098666348E-02   5.1334940144E-01   4.9351472418E-02   3.0360478430E-01   9.5279805573E-01
       6.0716305336E-02   5.0659933102E-01   4.8064662943E-02   3.7228480293E-01   9.2811853863E-01
       7.2333944324E-02   4.9980885022E-01   4.6521868486E-02   4.3898195807E-01   8.9849587461E-01
       8.3951583312E-02   4.9301379052E-01   4.4731300749E-02   5.0334108972E-01   8.6408781016E-01
       9.5569222300E-02   4.8625027420E-01   4.2702490107E-02   5.6501948238E-01   8.2507756276E-01
       1.0701270807E-01   4.7965423330E-01   4.0481683559E-02   6.2283285521E-01   7.8235492652E-01
       1.1845619383E-01   4.7315849867E-01   3.8051677049E-02   6.7742762145E-01   7.3558943320E-01
       1.2989967960E-01   4.6679730527E-01   3.5425022557E-02   7.2852171282E-01   6.8502270805E-01
       1.4134316536E-01   4.6060438934E-01   3.2615288195E-02   7.7585114005E-01   6.3091600751E-01
       1.5303731331E-01   4.5448404327E-01   2.9569984083E-02   8.2007356935E-01   5.7225810343E-01
       1.6473146127E-01   4.4860817388E-01   2.6365093933E-02   8.5987053832E-01   5.1051214812E-01
       1.7642560922E-01   4.4300975227E-01   2.3017908988E-02   8.9502733484E-01   4.4601128461E-01
       1.8811975717E-01   4.3772024899E-01   1.9546488802E-02   9.2535427084E-01   3.7910351288E-01
       2.0122122315E-01   4.3219779180E-01   1.5532912771E-02   9.5339293373E-01   3.0173151335E-01
       2.1432268913E-01   4.2713928072E-01   1.1414127345E-02   9.7497462794E-01   2.2231614203E-01
       2.2742415511E-01   4.2258016749E-01   7.2180251682E-03   9.8995323759E-01   1.4139511893E-01
       2.4052562109E-01   4.1855215824E-01   2.9730229296E-03   9.9822733071E-01   5.9516352992E-02
       2.5400772810E-01   4.1499077706E-01  -1.4160429711E-03   9.9968352170E-01  -2.5156454678E-02
       2.6748983511E-01   4.1204664459E-01  -5.7949419103E-03   9.9397039909E-01  -1.0964869527E-01
       2.8097194212E-01   4.0974034656E-01  -1.0132272115E-02   9.8112893983E-01  -1.9335458165E-01
       2.9445404913E-01   4.0808744213E-01  -1.4396930312E-02   9.6125119876E-01  -2.7567396127E-01
       3.0642393126E-01   4.0717608315E-01  -1.8097639218E-02   9.3782023702E-01  -3.4712130235E-01
       3.1839381340E-01   4.0679208584E-01  -2.1696006724E-02   9.0908712841E-01  -4.1660603500E-01
       3.3036369553E-01   4.0693633408E-01  -2.5171691485E-02   8.7521429613E-01  -4.8373539396E-01
       3.4233357766E-01   4.0760666678E-01  -2.8505046291E-02   8.3639320240E-01  -5.4812992166E-01
       3.5421530255E-01   4.0878729015E-01  -3.1654492021E-02   7.9318080662E-01  -6.0898620979E-01
       3.6609702745E-01   4.1047340279E-01  -3.4627576152E-02   7.4554981694E-01  -6.6644989767E-01
       3.7797875234E-01   4.1265451080E-01  -3.7407742190E-02   6.9376552837E-01  -7.2020093541E-01
       3.8986047724E-01   4.1531755305E-01  -3.9979508382E-02   6.3811635773E-01  -7.6993994184E-01
       4.0218987693E-01   4.1857380519E-01  -4.2412522803E-02   5.7661652440E-01  -8.1701491933E-01
       4.1451927662E-01   4.2231226408E-01  -4.4591128060E-02   5.1165806919E-01  -8.5918916123E-01
       4.2684867631E-01   4.2651037940E-01  -4.6502264348E-02   4.4363055200E-01  -8.9620975668E-01
       4.3917807600E-01   4.3114318208E-01  -4.8134475034E-02   3.7294192867E-01  -9.2785468576E-01
       4.5438355881E-01   4.3741464714E-01  -4.9748941722E-02   2.8272964716E-01  -9.5919962862E-01
       4.6958904162E-01   4.4425003940E-01  -5.0909680367E-02   1.8993893821E-01  -9.8179589551E-01
       4.8479452444E-01   4.5158918814E-01  -5.1606114765E-02   9.5415851879E-02  -9.9543748988E-01
       5.0000000725E-01   4.5936771373E-01  -5.1831896671E-02   2.2221683793E-05  -9.9999999978E-01
       5.1227467377E-01   4.6592098960E-01  -5.1669290479E-02  -7.7025462729E-02  -9.9702912337E-01
       5.2454934029E-01   4.7267864454E-01  -5.1199522511E-02  -1.5361512134E-01  -9.8813075511E-01
       5.3682400682E-01   4.7960184260E-01  -5.0425383563E-02  -2.2929151398E-01  -9.7335779465E-01
       5.4909867334E-01   4.8665060261E-01  -4.9351471722E-02  -3.0360482616E-01  -9.5279804239E-01
       5.6071631229E-01   4.9340067303E-01  -4.8064662096E-02  -3.7228484347E-01  -9.2811852237E-01
       5.7233395123E-01   5.0019115382E-01  -4.6521867493E-02  -4.3898199708E-01  -8.9849585555E-01
       5.8395159018E-01   5.0698621349E-01  -4.4731299618E-02  -5.0334112702E-01  -8.6408778844E-01
       5.9556922913E-01   5.1374972976E-01  -4.2702488846E-02  -5.6501951778E-01  -8.2507753852E-01
       6.0701271490E-01   5.2034577062E-01  -4.0481682168E-02  -6.2283288883E-01  -7.8235489976E-01
       6.1845620068E-01   5.2684150519E-01  -3.8051675534E-02  -6.7742765310E-01  -7.3558940405E-01
       6.2989968646E-01   5.3320269850E-01  -3.5425020926E-02  -7.2852174235E-01  -6.8502267665E-01
       6.4134317223E-01   5.3939561433E-01  -3.2615286455E-02  -7.7585116729E-01  -6.3091597401E-01
       6.5303732022E-01   5.4551596028E-01  -2.9569982235E-02  -8.2007359420E-01  -5.7225806783E-01
       6.6473146821E-01   5.5139182953E-01  -2.6365091985E-02  -8.5987056060E-01  -5.1051211059E-01
       6.7642561620E-01   5.5699025099E-01  -2.3017906950E-02  -8.9502735441E-01  -4.4601124534E-01
       6.8811976419E-01   5.6227975409E-01  -1.9546486684E-02  -9.2535428756E-01  -3.7910347207E-01
       7.0122123009E-01   5.6780221101E-01  -1.5532910615E-02  -9.5339294688E-01  -3.0173147178E-01
       7.1432269599E-01   5.7286072180E-01  -1.1414125166E-02  -9.7497463752E-01  -2.2231610001E-01
       7.2742416189E-01   5.7741983473E-01  -7.2180229823E-03  -9.8995324361E-01  -1.4139507677E-01
       7.4052562779E-01   5.8144784368E-01  -2.9730207520E-03  -9.9822733321E-01  -5.9516310987E-02
       7.5400773363E-01   5.8500922427E-01   1.4160447710E-03  -9.9968352082E-01   2.5156489404E-02
       7.6748983947E-01   5.8795335626E-01   5.7949433213E-03  -9.9397039609E-01   1.0964872250E-01
       7.8097194532E-01   5.9025965390E-01   1.0132273134E-02  -9.8112893595E-01   1.9335460133E-01
       7.9445405116E-01   5.9191255807E-01   1.4396930945E-02  -9.6125119526E-01   2.7567397349E-01
       8.0642393332E-01   5.9282391696E-01   1.8097639846E-02  -9.3782023253E-01   3.4712131448E-01
       8.1839381549E-01   5.9320791418E-01   2.1696007344E-02  -9.0908712293E-01   4.1660604696E-01
       8.3036369765E-01   5.9306366585E-01   2.5171692091E-02  -8.7521428966E-01   4.8373540567E-01
       8.4233357982E-01   5.9239333305E-01   2.8505046880E-02  -8.3639319495E-01   5.4812993304E-01
       8.5421530470E-01   5.9121270959E-01   3.1654492575E-02  -7.9318079839E-01   6.0898622050E-01
       8.6609702958E-01   5.8952659686E-01   3.4627576670E-02  -7.4554980801E-01   6.6644990766E-01
       8.7797875446E-01   5.8734548877E-01   3.7407742668E-02  -6.9376551879E-01   7.2020094464E-01
       8.8986047934E-01   5.8468244643E-01   3.9979508818E-02  -6.3811634756E-01   7.6993995027E-01
       9.0218987903E-01   5.8142619422E-01   4.2412523196E-02  -5.7661651360E-01   8.1701492695E-01
       9.1451927872E-01   5.7768773524E-01   4.4591128409E-02  -5.1165805783E-01   8.5918916800E-01
       9.2684867842E-01   5.7348961984E-01   4.6502264651E-02  -4.4363054015E-01   8.9620976255E-01
       9.3917807811E-01   5.6885681710E-01   4.8134475289E-02  -3.7294191639E-01   9.2785469069E-01
       9.5438355858E-01   5.6258535296E-01   4.9748941701E-02  -2.8272964856E-01   9.5919962821E-01
       9.6958903905E-01   5.5574996180E-01   5.0909680210E-02  -1.8993895406E-01   9.8179589245E-01
       9.8479451953E-01   5.4841081431E-01   5.1606114616E-02  -9.5415882574E-02   9.9543748694E-01
       1.0000000000E+00   5.4063229007E-01   5.1831896676E-02  -2.2267209873E-05   9.9999999978E-01
    3   11
       9.9989022127E-01   0.0000000000E+00
       7.9025926786E-03   1.0163885183E-02  -6.2130288438E-06  -3.6874166471E-11
       6.6141439876E-03   1.0131954740E-02  -6.1945629062E-06   4.7866231473E-07
       5.2858590492E-03   1.0039794195E-02  -6.1392693362E-06   9.5451517719E-07
       3.9252401938E-03   9.8879508802E-03  -6.0474768502E-06   1.4246932831E-06
       2.5400291264E-03   9.6773263947E-03  -5.9197309909E-06   1.8864019855E-06
       1.2135067301E-03   9.4249580961E-03  -5.7663894734E-06   2.3131103974E-06
      -1.2102547357E-04   9.1223945933E-03  -5.5823362292E-06   2.7274987592E-06
      -1.4565587276E-03   8.7712460068E-03  -5.3685514267E-06   3.1273603595E-06
      -2.7860015726E-03   8.3733807506E-03  -5.1261733224E-06   3.5105661425E-06
      -4.0826133032E-03   7.9378680198E-03  -4.8607305384E-06   3.8697578656E-06
      -5.3595542102E-03   7.4613331969E-03  -4.5701695828E-06   4.2089520368E-06
      -6.6100284671E-03   6.9462378760E-03  -4.2559919641E-06   4.5263958762E-06
      -7.8273228156E-03   6.3952419004E-03  -3.9198205105E-06   4.8204496549E-06
      -9.0301396319E-03   5.7980526961E-03  -3.5553729515E-06   5.0951987715E-06
      -1.0184574183E-02   5.1695695729E-03  -3.1717393182E-06   5.3424523315E-06
      -1.1284021427E-02   4.5131846526E-03  -2.7709902725E-06   5.5608758357E-06
      -1.2322182417E-02   3.8324377580E-03  -2.3552869192E-06   5.7492913867E-06
      -1.3405134060E-02   3.0453774619E-03  -1.8745701253E-06   5.9234883546E-06
      -1.4395916145E-02   2.2376862462E-03  -1.3811573642E-06   6.0575681085E-06
      -1.5287458533E-02   1.4148378078E-03  -8.7839168377E-07   6.1506223255E-06
      -1.6073481706E-02   5.8240153757E-04  -3.6967508129E-07   6.2020213354E-06
      -1.6766431370E-02  -2.7827904099E-04   1.5639887935E-07   6.2110600373E-06
      -1.7336905284E-02  -1.1369633803E-03   6.8135150419E-07   6.1755556261E-06
      -1.7780961078E-02  -1.9874901909E-03   1.2014172433E-06   6.0957627695E-06
      -1.8095698708E-02  -2.8237604609E-03   1.7128677825E-06   5.9722534640E-06
      -1.8265237222E-02  -3.5494390663E-03   2.1567698532E-06   5.8266689470E-06
      -1.8330744500E-02  -4.2550438956E-03   2.5884775949E-06   5.6481422561E-06
      -1.8292227908E-02  -4.9365859358E-03   3.0055506863E-06   5.4376826164E-06
      -1.8150300106E-02  -5.5902133519E-03   3.4056320621E-06   5.1964793889E-06
      -1.7908328737E-02  -6.2077717360E-03   3.7837293213E-06   4.9279934804E-06
      -1.7567358475E-02  -6.7907426249E-03   4.1407481651E-06   4.6320548205E-06
      -1.7129616267E-02  -7.3358787882E-03   4.4746995196E-06   4.3103122143E-06
      -1.6597809667E-02  -7.8401458913E-03   4.7837239832E-06   3.9645570588E-06
      -1.5949915817E-02  -8.3171990366E-03   5.0761957085E-06   3.5824522986E-06
      -1.5208175001E-02  -8.7443620781E-03   5.3382190517E-06   3.1788589959E-06
      -1.4377079027E-02  -9.1190736991E-03   5.5682220082E-06   2.7561986035E-06
      -1.3461551631E-02  -9.4390892986E-03   5.7648259414E-06   2.3170045147E-06
      -1.2224147368E-02  -9.7556122259E-03   5.9595635582E-06   1.7565105726E-06
      -1.0877289750E-02  -9.9831633252E-03   6.0999455428E-06   1.1799962756E-06
      -9.4326295467E-03  -1.0119668858E-02   6.1846915352E-06   5.9272032765E-07
      -7.9025919312E-03  -1.0163885182E-02   6.2130288438E-06   3.6591392696E-11
      -6.6141432213E-03  -1.0131954703E-02   6.1945628845E-06  -4.7866259428E-07
      -5.2858582688E-03  -1.0039794124E-02   6.1392692935E-06  -9.5451545175E-07
      -3.9252394039E-03  -9.8879507760E-03   6.0474767870E-06  -1.4246935512E-06
      -2.5400283318E-03  -9.6773262582E-03   5.9197309080E-06  -1.8864022455E-06
      -1.2135059333E-03  -9.4249579299E-03   5.7663893725E-06  -2.3131106491E-06
       1.2102626830E-04  -9.1223943987E-03   5.5823361108E-06  -2.7274990014E-06
       1.4565595161E-03  -8.7712457852E-03   5.3685512918E-06  -3.1273605912E-06
       2.7860023507E-03  -8.3733805034E-03   5.1261731720E-06  -3.5105663624E-06
       4.0826140729E-03  -7.9378677471E-03   4.8607303722E-06  -3.8697580742E-06
       5.3595549673E-03  -7.4613328999E-03   4.5701694014E-06  -4.2089522333E-06
       6.6100292075E-03  -6.9462375561E-03   4.2559917689E-06  -4.5263960596E-06
       7.8273235353E-03  -6.3952415593E-03   3.9198203026E-06  -4.8204498240E-06
       9.0301403289E-03  -5.7980523337E-03   3.5553727303E-06  -5.0951989260E-06
       1.0184574853E-02  -5.1695691909E-03   3.1717390850E-06  -5.3424524699E-06
       1.1284022066E-02  -4.5131842530E-03   2.7709900285E-06  -5.5608759572E-06
       1.2322183020E-02  -3.8324373428E-03   2.3552866658E-06  -5.7492914906E-06
       1.3405134609E-02  -3.0453770391E-03   1.8745698669E-06  -5.9234884364E-06
       1.4395916638E-02  -2.2376858190E-03   1.3811571032E-06  -6.0575681680E-06
       1.5287458968E-02  -1.4148373792E-03   8.7839142175E-07  -6.1506223628E-06
       1.6073482080E-02  -5.8240111055E-04   3.6967482027E-07  -6.2020213510E-06
       1.6766431629E-02   2.7827939394E-04  -1.5639909506E-07  -6.2110600318E-06
       1.7336905449E-02   1.1369636570E-03  -6.8135167339E-07  -6.1755556075E-06
       1.7780961168E-02   1.9874903907E-03  -1.2014173656E-06  -6.0957627454E-06
       1.8095698746E-02   2.8237605849E-03  -1.7128678583E-06  -5.9722534424E-06
       1.8265237242E-02   3.5494391895E-03  -2.1567699285E-06  -5.8266689192E-06
       1.8330744502E-02   4.2550440170E-03  -2.5884776692E-06  -5.6481422220E-06
       1.8292227892E-02   4.9365860546E-03  -3.0055507590E-06  -5.4376825762E-06
       1.8150300071E-02   5.5902134673E-03  -3.4056321327E-06  -5.1964793426E-06
       1.7908328684E-02   6.2077718447E-03  -3.7837293878E-06  -4.9279934293E-06
       1.7567358405E-02   6.7907427263E-03  -4.1407482273E-06  -4.6320547650E-06
       1.7129616181E-02   7.3358788818E-03  -4.4746995768E-06  -4.3103121546E-06
       1.6597809564E-02   7.8401459767E-03  -4.7837240355E-06  -3.9645569956E-06
       1.5949915698E-02   8.3171991138E-03  -5.0761957558E-06  -3.5824522314E-06
       1.5208174867E-02   8.7443621466E-03  -5.3382190937E-06  -3.1788589253E-06
       1.4377078878E-02   9.1190737584E-03  -5.5682220447E-06  -2.7561985299E-06
       1.3461551468E-02   9.4390893484E-03  -5.7648259720E-06  -2.3170044382E-06
       1.2224147387E-02   9.7556122217E-03  -5.9595635556E-06  -1.7565105813E-06
       1.0877289986E-02   9.9831632944E-03  -6.0999455237E-06  -1.1799963740E-06
       9.4326300274E-03   1.0119668829E-02  -6.1846915170E-06  -5.9272051827E-07
       7.9025926786E-03   1.0163885183E-02  -6.2130288438E-06  -3.6874166471E-11
       5.0000000000E-01   5.0000000000E-01   5.0994646140E+00   4.9999998882E-03   1.0000000000E+02   1.0000000000E+00   0.0000000000E+00
       0.0000000000E+00   0.0000000000E+00   0.0000000000E+00   6.2831853072E-02   0.0000000000E+00
