   0  -1.7976+308  1.7976+308 -1.7976+308  1.7976+308
   0   EPSL= 1.0000E-07  EPSU = 1.0000E-07  EPSS = 1.0000E-04
   0   DS  = 1.0000E-02  DSMIN= 1.0000E-04  DSMAX= 5.0000E-01
   0   NDIM=   4   IPS =   2   IRS =   0   ILP =   1
   0   NTST=  50   NCOL=   4   IAD =   3   ISP =   3
   0   ISW =   1   IPLT=   0   NBC =   4   NINT=   1
   0   NMX=  500   NPR=  100   MXBF=  -2   IID =   4   IADS=   1
   0   ITMX=   8   ITNW=   7   NWTN=   3   JAC =   0   NUZR=   4
   0   NPAR=  11   THL = {}    THU = {}
   0   UZR = {3: 2.0000000000E-01, 11: [4.1890000000E+00, 6.2830000000E+00, 8.3770000000E+00]}
   0   e = 'dufa' s = '/'
   0   User-specified constants, where different from above:
   0   NPAR=   2
   0   NBC =   0   NINT=   0
   0   User-specified parameters:         3   11
   0   Active continuation parameters:    3   11
   0
   0    PT  TY  LAB    PAR(3)             L2-NORM            MAX U(1)           MAX U(2)           MAX U(3)           MAX U(4)            PERIOD         
  -1    -1   9    1   0.0000000000E+00   1.0000000000E+00   0.0000000000E+00   0.0000000000E+00   1.0000000000E+00   1.0000000000E+00   6.2831853072E+00
  -1    -2   0    0   9.9503732614E-04   1.0000495037E+00   9.9503790422E-03   9.9503544476E-03   9.9999999999E-01   1.0000000000E+00   6.2831853072E+00
  -1    -3   0    0   2.4875950815E-03   1.0003093583E+00   2.4876025079E-02   2.4875640815E-02   9.9999999999E-01   1.0000000000E+00   6.2831853072E+00
  -1    -4   0    0   4.7264623471E-03   1.0011163366E+00   4.7259722186E-02   4.7262116241E-02   9.9986089519E-01   1.0000000000E+00   6.2831853072E+00
  -1    -5   0    0   8.0851106090E-03   1.0032628133E+00   8.0847571223E-02   8.0833472776E-02   9.9986130463E-01   9.9999999962E-01   6.2831853072E+00
  -1    -6   0    0   1.3126399106E-02   1.0085726267E+00   1.3123079359E-01   1.3115683704E-01   9.9986409125E-01   9.9999998084E-01   6.2831853072E+00
  -1    -7   0    0   1.8683989412E-02   1.0172581492E+00   1.8662375413E-01   1.8645100421E-01   9.9992424262E-01   9.9999965913E-01   6.2831853072E+00
  -1    -8   0    0   2.4827702075E-02   1.0301102190E+00   2.4732617690E-01   2.4694400764E-01   9.9990142466E-01   9.9999672931E-01   6.2831853072E+00
  -1    -9   0    0   3.1658130786E-02   1.0479010837E+00   3.1337893173E-01   3.1257226784E-01   9.9985622212E-01   9.9997894980E-01   6.2831853072E+00
  -1   -10   0    0   3.9334480084E-02   1.0712080887E+00   3.8434683347E-01   3.8293210180E-01   9.9998994935E-01   9.9989938393E-01   6.2831853072E+00
  -1   -11   0    0   4.8129165865E-02   1.1002605189E+00   4.5948620619E-01   4.5703761300E-01   9.9989092261E-01   9.9997954857E-01   6.2831853072E+00
  -1   -12   0    0   5.8520148426E-02   1.1350437863E+00   5.3787708053E-01   5.3402614970E-01   9.9998497170E-01   9.9990399256E-01   6.2831853072E+00
  -1   -13   0    0   7.1321011991E-02   1.1757170064E+00   6.1975298058E-01   6.1375806926E-01   9.9999972260E-01   9.9993792423E-01   6.2831853072E+00
  -1   -14   0    0   8.7851045309E-02   1.2230279448E+00   7.0633361825E-01   6.9748652999E-01   9.9998772465E-01   9.9988802944E-01   6.2831853072E+00
  -1   -15   0    0   1.1017663359E-01   1.2784692064E+00   7.9972753568E-01   7.8681651399E-01   9.9988463383E-01   9.9998732922E-01   6.2831853072E+00
  -1   -16   0    0   1.4143987885E-01   1.3441635721E+00   9.0283113441E-01   8.8427499572E-01   9.9988237324E-01   9.9994156955E-01   6.2831853072E+00
  -1   -17   0    0   1.8614135677E-01   1.4223874547E+00   1.0181734655E+00   9.9143082904E-01   9.9997370432E-01   9.9999994599E-01   6.2831853072E+00
  -1   -18  -4    2   1.9998049777E-01   1.4439722289E+00   1.0488195585E+00   1.0197329037E+00   9.9994867695E-01   9.9990162600E-01   6.2831853072E+00
  -1   -19   0    0   3.0720851516E-01   1.5849043980E+00   1.2415885902E+00   1.1929474414E+00   9.9999733070E-01   9.9992616594E-01   6.2831853072E+00
  -1   -20   0    0   4.6556274397E-01   1.7439327086E+00   1.4479786444E+00   1.3702071068E+00   9.9999977132E-01   9.9995789653E-01   6.2831853072E+00
  -1   -21   0    0   6.5393228152E-01   1.8936462654E+00   1.6358197815E+00   1.5231659939E+00   9.9995076744E-01   9.9998451302E-01   6.2831853072E+00
  -1   -22   0    0   8.6150542300E-01   2.0300671663E+00   1.8040505089E+00   1.6519200542E+00   9.9991075551E-01   9.9995273924E-01   6.2831853072E+00
  -1   -23   0    0   1.1043618983E+00   2.1656670131E+00   1.9699492240E+00   1.7704835494E+00   9.9993793235E-01   9.9989078552E-01   6.2831853072E+00
  -1   -24   0    0   1.3830972859E+00   2.2998767158E+00   2.1335147037E+00   1.8785294787E+00   9.9999304345E-01   9.9999209151E-01   6.2831853072E+00
  -1   -25   0    0   1.6989063101E+00   2.4326744420E+00   2.2952489802E+00   1.9763615639E+00   9.9988379164E-01   9.9998917688E-01   6.2831853072E+00
  -1   -26   0    0   2.0536753850E+00   2.5643611407E+00   2.4567498502E+00   2.0668989943E+00   9.9999773541E-01   9.9992270148E-01   6.2831853072E+00
  -1   -27   0    0   2.4499016079E+00   2.6953915922E+00   2.6186275802E+00   2.1594499869E+00   9.9996097977E-01   9.9999891726E-01   6.2831853072E+00
  -1   -28   0    0   2.8906322920E+00   2.8263021201E+00   2.7815998725E+00   2.2614255230E+00   9.9978364120E-01   9.9991650365E-01   6.2831853072E+00
  -1   -29   0    0   3.3689877989E+00   2.9550117208E+00   2.9438794779E+00   2.3737942422E+00   9.9991508461E-01   9.9996993024E-01   6.2831853072E+00
  -1   -30   0    0   3.8500593273E+00   3.0736560205E+00   3.0952504061E+00   2.4896853710E+00   9.9997648697E-01   9.9999875093E-01   6.2831853072E+00
  -1   -31   0    0   4.3329891358E+00   3.1842425390E+00   3.2379666424E+00   2.6096992403E+00   9.9979521636E-01   9.9999962473E-01   6.2831853072E+00
  -1   -32   0    0   4.8171983225E+00   3.2883163532E+00   3.3734271609E+00   2.7339614494E+00   9.9985536668E-01   9.9998731186E-01   6.2831853072E+00
  -1   -33   0    0   5.3022684227E+00   3.3870997479E+00   3.5029958594E+00   2.8631537229E+00   9.9990898169E-01   9.9996342040E-01   6.2831853072E+00
  -1   -34   6    3   5.5794176066E+00   3.4415042586E+00   3.5745801656E+00   2.9391850194E+00   9.9986674920E-01   9.9994174064E-01   6.2831853072E+00
  -1    35   0    0   6.0651913932E+00   3.5339078599E+00   3.6967540678E+00   3.0763506773E+00   9.9981795600E-01   9.9990818988E-01   6.2831853072E+00
  -1    36   0    0   6.5512021624E+00   3.6232610137E+00   3.8151368010E+00   3.2191655970E+00   9.9983787831E-01   9.9993495419E-01   6.2831853072E+00
  -1    37   0    0   7.0372375601E+00   3.7101966721E+00   3.9302233983E+00   3.3675075911E+00   9.9986939112E-01   9.9998743991E-01   6.2831853072E+00
  -1    38   0    0   7.5231619988E+00   3.7952718922E+00   4.0425158326E+00   3.5209744204E+00   9.9989750545E-01   9.9999498454E-01   6.2831853072E+00
  -1    39   0    0   8.0088650097E+00   3.8789756893E+00   4.1523380665E+00   3.6790949146E+00   9.9991959164E-01   9.9999882796E-01   6.2831853072E+00
  -1    40   0    0   8.4942564754E+00   3.9617407296E+00   4.2598877140E+00   3.8445407323E+00   9.9999258285E-01   9.9992997566E-01   6.2831853072E+00
  -1    41   0    0   8.9792632904E+00   4.0439516648E+00   4.3655181175E+00   4.0144577007E+00   9.9998669515E-01   9.9991365541E-01   6.2831853072E+00
  -1    42   0    0   9.4638270458E+00   4.1259511157E+00   4.4694028638E+00   4.1900424938E+00   9.9997993969E-01   9.9989914755E-01   6.2831853072E+00
  -1    43   0    0   9.9479022306E+00   4.2080439964E+00   4.5715174094E+00   4.3707224195E+00   9.9989864793E-01   9.9994264297E-01   6.2831853072E+00
  -1    44   0    0   1.0431454804E+01   4.2905007324E+00   4.6723434546E+00   4.5581505150E+00   9.9988450124E-01   9.9993188620E-01   6.2831853072E+00
  -1    45   0    0   1.0914461058E+01   4.3735597157E+00   4.7718240527E+00   4.7483809962E+00   9.9987085197E-01   9.9992131577E-01   6.2831853072E+00
  -1    46   0    0   1.1396906544E+01   4.4574293368E+00   4.8709658640E+00   4.9463102213E+00   9.9986614943E-01   9.9999487106E-01   6.2831853072E+00
  -1    47   0    0   1.1878784977E+01   4.5422897172E+00   4.9681250795E+00   5.1482278764E+00   9.9987775971E-01   9.9999693207E-01   6.2831853072E+00
  -1    48   0    0   1.2360097387E+01   4.6282944285E+00   5.0641590964E+00   5.3529063025E+00   9.9988792241E-01   9.9999835654E-01   6.2831853072E+00
  -1    49   0    0   1.2840851060E+01   4.7155721315E+00   5.1590212727E+00   5.5659153245E+00   9.9999719064E-01   9.9999343873E-01   6.2831853072E+00
  -1    50   0    0   1.3321058572E+01   4.8042282722E+00   5.2529136192E+00   5.7808012596E+00   9.9999570592E-01   9.9999531111E-01   6.2831853072E+00
  -1    51   0    0   1.3800736878E+01   4.8943469137E+00   5.3457916820E+00   5.9981946641E+00   9.9999405864E-01   9.9999675964E-01   6.2831853072E+00
  -1    52   0    0   1.4279906350E+01   4.9859925717E+00   5.4377866438E+00   6.2244793241E+00   9.9994927269E-01   9.9999896467E-01   6.2831853072E+00
  -1    53   0    0   1.4758590023E+01   5.0792121730E+00   5.5287181357E+00   6.4503048591E+00   9.9995364198E-01   9.9999950457E-01   6.2831853072E+00
  -1    54   0    0   1.5236812629E+01   5.1740369759E+00   5.6186968784E+00   6.6791844342E+00   9.9995753668E-01   9.9999983060E-01   6.2831853072E+00
  -1    55   0    0   1.5714600020E+01   5.2704845731E+00   5.7074156899E+00   6.9156487482E+00   9.9995759252E-01   9.9996081318E-01   6.2831853072E+00
  -1    56   0    0   1.6191978287E+01   5.3685607466E+00   5.7955676665E+00   7.1536773615E+00   9.9995417318E-01   9.9995752366E-01   6.2831853072E+00
  -1    57   0    0   1.6668973478E+01   5.4682614299E+00   5.8828091602E+00   7.3923826837E+00   9.9995081527E-01   9.9995428860E-01   6.2831853072E+00
  -1    58   0    0   1.7145610954E+01   5.5695744208E+00   5.9688636950E+00   7.6348416460E+00   9.9964297127E-01   9.9993940754E-01   6.2831853072E+00
  -1    59   0    0   1.7621914858E+01   5.6724810656E+00   6.0543160993E+00   7.8789954332E+00   9.9963451325E-01   9.9994282228E-01   6.2831853072E+00
  -1    60   0    0   1.8097908025E+01   5.7769578018E+00   6.1388959120E+00   8.1294676788E+00   9.9962624689E-01   9.9994602761E-01   6.2831853072E+00
  -1    61   0    0   1.8573611596E+01   5.8829775779E+00   6.2215905078E+00   8.3803052187E+00   9.9967543068E-01   9.9997822967E-01   6.2831853072E+00
  -1    62   0    0   1.9049044653E+01   5.9905111146E+00   6.3044380113E+00   8.6319703534E+00   9.9968279592E-01   9.9998010600E-01   6.2831853072E+00
  -1    63   0    0   1.9524224347E+01   6.0995280785E+00   6.3864546705E+00   8.8836836154E+00   9.9969000491E-01   9.9998188044E-01   6.2831853072E+00
  -1    64   0    0   1.9999165646E+01   6.2099980736E+00   6.4681278024E+00   9.1420165051E+00   9.9975437903E-01   9.9999713072E-01   6.2831853072E+00
  -1    65   0    0   2.0473881082E+01   6.3218916024E+00   6.5484738540E+00   9.4014837805E+00   9.9976074784E-01   9.9999778180E-01   6.2831853072E+00
  -1    66   0    0   2.0948381009E+01   6.4351807870E+00   6.6280384511E+00   9.6609283014E+00   9.9976712230E-01   9.9999835673E-01   6.2831853072E+00
  -1    67   0    0   2.1422673453E+01   6.5498401863E+00   6.7081059194E+00   9.9223895064E+00   9.9999094285E-01   9.9999706071E-01   6.2831853072E+00
  -1    68   0    0   2.1896763721E+01   6.6658471680E+00   6.7862273667E+00   1.0186085355E+01   9.9998958279E-01   9.9999626546E-01   6.2831853072E+00
  -1    69   0    0   2.2370654991E+01   6.7831828257E+00   6.8636247985E+00   1.0449655771E+01   9.9998807483E-01   9.9999534213E-01   6.2831853072E+00
  -1    70   0    0   2.2844347932E+01   6.9018322811E+00   6.9394628911E+00   1.0712090068E+01   9.9994870694E-01   9.9998394138E-01   6.2831853072E+00
  -1    71   0    0   2.3317840511E+01   7.0217851144E+00   7.0154820749E+00   1.0982841099E+01   9.9994512615E-01   9.9998585076E-01   6.2831853072E+00
  -1    72   0    0   2.3791128314E+01   7.1430359688E+00   7.0908393293E+00   1.1253572125E+01   9.9994123372E-01   9.9998772678E-01   6.2831853072E+00
  -1    73   0    0   2.4264204149E+01   7.2655848877E+00   7.1646815845E+00   1.1518224540E+01   9.9999916990E-01   9.9999647370E-01   6.2831853072E+00
  -1    74   0    0   2.4737058287E+01   7.3894378661E+00   7.2387585533E+00   1.1793714206E+01   9.9999856176E-01   9.9999747319E-01   6.2831853072E+00
  -1    75   0    0   2.5209677890E+01   7.5146072417E+00   7.3122422773E+00   1.2069291238E+01   9.9999773445E-01   9.9999835229E-01   6.2831853072E+00
  -1    76   0    0   2.5682047240E+01   7.6411123634E+00   7.3874298052E+00   1.2344386474E+01   9.9977914311E-01   9.9997039110E-01   6.2831853072E+00
  -1    77   0    0   2.6154146932E+01   7.7689799422E+00   7.4598601818E+00   1.2621495654E+01   9.9978934506E-01   9.9997405023E-01   6.2831853072E+00
  -1    78   0    0   2.6625954313E+01   7.8982451099E+00   7.5317756225E+00   1.2898787649E+01   9.9979998321E-01   9.9997769472E-01   6.2831853072E+00
  -1    79   0    0   2.7097442706E+01   8.0289520325E+00   7.6017270946E+00   1.3173446070E+01   9.9992357861E-01   9.9999875535E-01   6.2831853072E+00
  -1    80   0    0   2.7568580655E+01   8.1611548581E+00   7.6726591924E+00   1.3454668758E+01   9.9993085461E-01   9.9999952519E-01   6.2831853072E+00
  -1    81   0    0   2.8039331900E+01   8.2949190324E+00   7.7431615438E+00   1.3741309473E+01   9.9993826894E-01   9.9999994682E-01   6.2831853072E+00
  -1    82   6    4   2.8325225831E+01   8.3770100461E+00   7.7876054757E+00   1.3911326352E+01   9.9998931138E-01   9.9997830267E-01   6.2831853072E+00
  -1   -83   0    0   2.8795261682E+01   8.5134535739E+00   7.8575291742E+00   1.4201049825E+01   9.9999242302E-01   9.9998284946E-01   6.2831853072E+00
  -1   -84   0    0   2.9264788175E+01   8.6516939508E+00   7.9271126594E+00   1.4491725357E+01   9.9999518339E-01   9.9998715952E-01   6.2831853072E+00
  -1   -85   0    0   2.9733740150E+01   8.7918510463E+00   7.9955867169E+00   1.4779268568E+01   9.9999946323E-01   9.9995990092E-01   6.2831853072E+00
  -1   -86   0    0   3.0202044051E+01   8.9340668647E+00   8.0645810578E+00   1.5075366709E+01   9.9999999376E-01   9.9996776195E-01   6.2831853072E+00
  -1   -87   0    0   3.0669612879E+01   9.0785086849E+00   8.1333588782E+00   1.5373042614E+01   9.9999959871E-01   9.9997533387E-01   6.2831853072E+00
  -1   -88   0    0   3.1136343113E+01   9.2253743080E+00   8.2026801892E+00   1.5666756844E+01   9.9995456158E-01   9.9999419975E-01   6.2831853072E+00
  -1   -89   0    0   3.1602110742E+01   9.3748988920E+00   8.2711962267E+00   1.5972510872E+01   9.9996526641E-01   9.9999756303E-01   6.2831853072E+00
  -1   -90   0    0   3.2066764855E+01   9.5273636207E+00   8.3396613463E+00   1.6280868817E+01   9.9997535680E-01   9.9999960090E-01   6.2831853072E+00
  -1   -91   0    0   3.2530119735E+01   9.6831077961E+00   8.4050957309E+00   1.6583304617E+01   9.9997806551E-01   9.9998334413E-01   6.2831853072E+00
  -1   -92   0    0   3.2991943870E+01   9.8425453190E+00   8.4736142057E+00   1.6898058964E+01   9.9998739060E-01   9.9999130518E-01   6.2831853072E+00
  -1   -93   0    0   3.3451942099E+01   1.0006187660E+01   8.5423350884E+00   1.7222873071E+01   9.9999475206E-01   9.9999714878E-01   6.2831853072E+00
  -1   -94   0    0   3.3909730598E+01   1.0174677120E+01   8.6148014861E+00   1.7554407172E+01   9.9993080211E-01   9.9996756490E-01   6.2831853072E+00
  -1   -95   0    0   3.4364798000E+01   1.0348837191E+01   8.6843685632E+00   1.7886608200E+01   9.9990173144E-01   9.9996904240E-01   6.2831853072E+00
  -1   -96   0    0   3.4816439000E+01   1.0529748419E+01   8.7545825813E+00   1.8226305421E+01   9.9986234790E-01   9.9998597918E-01   6.2831853072E+00
  -1   -97   0    0   3.5263643305E+01   1.0718873494E+01   8.8255161475E+00   1.8571837297E+01   9.9994441111E-01   9.9999991365E-01   6.2831853072E+00
  -1   -98   0    0   3.5704889840E+01   1.0918271370E+01   8.8978185472E+00   1.8942061051E+01   9.9997516574E-01   9.9999525382E-01   6.2831853072E+00
  -1   -99   0    0   3.6137731387E+01   1.1130989978E+01   8.9717984466E+00   1.9330913695E+01   9.9999596000E-01   9.9997345677E-01   6.2831853072E+00
  -1  -100   4    5   3.6557862664E+01   1.1361864187E+01   9.0481553901E+00   1.9741006654E+01   9.9999155977E-01   9.9996450161E-01   6.2831853072E+00
  -1  -101   0    0   3.6956654844E+01   1.1619347732E+01   9.1281015987E+00   2.0184337055E+01   9.9999631988E-01   9.9999710677E-01   6.2831853072E+00
  -1  -102   0    0   3.7312900288E+01   1.1920584775E+01   9.2136442653E+00   2.0679621565E+01   9.9992294596E-01   9.9997338691E-01   6.2831853072E+00
  -1  -103   0    0   3.7551524878E+01   1.2309827634E+01   9.3080828261E+00   2.1262070240E+01   9.9999997640E-01   9.9996152753E-01   6.2831853072E+00
  -1  -104   5    6   3.7520281986E+01   1.2586943048E+01   9.3616218257E+00   2.1646202010E+01   9.9987823092E-01   9.9999186899E-01   6.2831853072E+00
  -1   105   0    0   3.7196134427E+01   1.2899837011E+01   9.4017372192E+00   2.2016909002E+01   9.9999999607E-01   9.9996501552E-01   6.2831853072E+00
  -1   106   0    0   3.6750506855E+01   1.3098913833E+01   9.4108956557E+00   2.2206191909E+01   9.9996411309E-01   9.9997407741E-01   6.2831853072E+00
  -1   107   0    0   3.6292879468E+01   1.3230257221E+01   9.4037171280E+00   2.2288057255E+01   9.9995474473E-01   9.9997314721E-01   6.2831853072E+00
  -1   108   0    0   3.5825221576E+01   1.3326156311E+01   9.3876970232E+00   2.2315093169E+01   9.9994624160E-01   9.9997613867E-01   6.2831853072E+00
  -1   109   0    0   3.5351518042E+01   1.3397685513E+01   9.3622588024E+00   2.2294853540E+01   9.9999602181E-01   9.9993750503E-01   6.2831853072E+00
  -1   110   0    0   3.4874308601E+01   1.3450400295E+01   9.3352473651E+00   2.2252144582E+01   9.9984954092E-01   9.9997099774E-01   6.2831853072E+00
  -1   111   0    0   3.4395142276E+01   1.3487460456E+01   9.3035935904E+00   2.2192412674E+01   9.9999976853E-01   9.9998968491E-01   6.2831853072E+00
  -1   112   0    0   3.3915065816E+01   1.3510718173E+01   9.2630690687E+00   2.2109561128E+01   9.9989296154E-01   9.9997879813E-01   6.2831853072E+00
  -1   113   0    0   3.3434876323E+01   1.3521207286E+01   9.2232125549E+00   2.1996265713E+01   9.9997227588E-01   9.9987885155E-01   6.2831853072E+00
  -1   114   0    0   3.2955263802E+01   1.3519394563E+01   9.1790709135E+00   2.1864677859E+01   9.9998378197E-01   9.9999077345E-01   6.2831853072E+00
  -1   115   0    0   3.2476902971E+01   1.3505308829E+01   9.1281143012E+00   2.1727697500E+01   9.9996862690E-01   9.9996401218E-01   6.2831853072E+00
  -1   116   0    0   3.2000519477E+01   1.3478615907E+01   9.0742858253E+00   2.1552301430E+01   9.9999957485E-01   9.9987592622E-01   6.2831853072E+00
  -1   117   0    0   3.1526957531E+01   1.3438663406E+01   9.0162969378E+00   2.1352550667E+01   9.9998775499E-01   9.9994598529E-01   6.2831853072E+00
  -1   118   0    0   3.1057239836E+01   1.3384521876E+01   8.9551701335E+00   2.1123904911E+01   9.9995662687E-01   9.9989931207E-01   6.2831853072E+00
  -1   119   0    0   3.0592631564E+01   1.3315039446E+01   8.8852252627E+00   2.0880224548E+01   9.9994777894E-01   9.9992480782E-01   6.2831853072E+00
  -1   120   0    0   3.0134693023E+01   1.3228933602E+01   8.8088576860E+00   2.0609583637E+01   9.9994931288E-01   9.9993095499E-01   6.2831853072E+00
  -1   121   0    0   2.9685309305E+01   1.3124938638E+01   8.7257085796E+00   2.0306282188E+01   9.9998687478E-01   9.9996041998E-01   6.2831853072E+00
  -1   122   0    0   2.9246656443E+01   1.3002009585E+01   8.6357445420E+00   1.9967362364E+01   9.9999506589E-01   9.9998907473E-01   6.2831853072E+00
  -1   123   0    0   2.8821103262E+01   1.2859560275E+01   8.5386454710E+00   1.9597241367E+01   9.9999960373E-01   9.9999974030E-01   6.2831853072E+00
  -1   124   0    0   2.8411032786E+01   1.2697648848E+01   8.4341573687E+00   1.9214017764E+01   9.9992046096E-01   9.9986820207E-01   6.2831853072E+00
  -1   125   0    0   2.8018665447E+01   1.2517023888E+01   8.3249834984E+00   1.8791807555E+01   9.9993621035E-01   9.9992413049E-01   6.2831853072E+00
  -1   126   0    0   2.7646008743E+01   1.2318983524E+01   8.2167028297E+00   1.8345647644E+01   9.9994033548E-01   9.9997221459E-01   6.2831853072E+00
  -1   127   0    0   2.7295008026E+01   1.2105094427E+01   8.0991786209E+00   1.7885204997E+01   9.9992480156E-01   9.9981187489E-01   6.2831853072E+00
  -1   128   0    0   2.6967932913E+01   1.1876889408E+01   7.9822440049E+00   1.7405196776E+01   9.9993091528E-01   9.9999066870E-01   6.2831853072E+00
  -1   129   0    0   2.6667957475E+01   1.1635657105E+01   7.8633970543E+00   1.6908372189E+01   9.9998302870E-01   9.9977226155E-01   6.2831853072E+00
  -1   130   0    0   2.6399915365E+01   1.1382392825E+01   7.7346130741E+00   1.6396003269E+01   9.9994718773E-01   9.9977238002E-01   6.2831853072E+00
  -1   131   0    0   2.6171258092E+01   1.1117963629E+01   7.6143543216E+00   1.5868694822E+01   9.9999924853E-01   9.9997884273E-01   6.2831853072E+00
  -1   132   0    0   2.5993246401E+01   1.0843626890E+01   7.4875825944E+00   1.5327719264E+01   9.9995951382E-01   9.9988144200E-01   6.2831853072E+00
  -1   133   0    0   2.5881990089E+01   1.0562151873E+01   7.3611721211E+00   1.4773998548E+01   9.9999508255E-01   9.9990108478E-01   6.2831853072E+00
  -1   134   5    7   2.5854469491E+01   1.0349452063E+01   7.2682850898E+00   1.4359736477E+01   9.9993323873E-01   9.9999980390E-01   6.2831853072E+00
  -1  -135   0    0   2.5906177729E+01   1.0077778516E+01   7.1500010197E+00   1.3829794490E+01   9.9998937679E-01   9.9983063554E-01   6.2831853072E+00
  -1  -136   0    0   2.6066574363E+01   9.8235005900E+00   7.0434722678E+00   1.3328798402E+01   9.9999822405E-01   9.9979857297E-01   6.2831853072E+00
  -1  -137   0    0   2.6322772823E+01   9.6025816989E+00   6.9598158846E+00   1.2889881209E+01   9.9993499526E-01   9.9997698396E-01   6.2831853072E+00
  -1  -138   0    0   2.6649407224E+01   9.4180129191E+00   6.8866440323E+00   1.2515027417E+01   9.9991185052E-01   9.9999163055E-01   6.2831853072E+00
  -1  -139   0    0   2.7023533732E+01   9.2658034046E+00   6.8355986031E+00   1.2201994442E+01   9.9999532620E-01   9.9996620644E-01   6.2831853072E+00
  -1  -140   0    0   2.7429378268E+01   9.1401161563E+00   6.7907582429E+00   1.1936361546E+01   9.9999071436E-01   9.9999963497E-01   6.2831853072E+00
  -1  -141   0    0   2.7856859126E+01   9.0357077307E+00   6.7606587669E+00   1.1707323825E+01   9.9994488274E-01   9.9998576602E-01   6.2831853072E+00
  -1  -142   0    0   2.8299520565E+01   8.9484176033E+00   6.7375383590E+00   1.1511773248E+01   9.9986758861E-01   9.9999745795E-01   6.2831853072E+00
  -1  -143   0    0   2.8753136365E+01   8.8750480000E+00   6.7175524743E+00   1.1346763975E+01   9.9978309680E-01   9.9997681462E-01   6.2831853072E+00
  -1  -144   0    0   2.9214861482E+01   8.8131465260E+00   6.7062877221E+00   1.1202697710E+01   9.9984479021E-01   9.9994183403E-01   6.2831853072E+00
  -1  -145   0    0   2.9682728938E+01   8.7608152772E+00   6.6981369299E+00   1.1074798328E+01   9.9999689573E-01   9.9997889223E-01   6.2831853072E+00
  -1  -146   0    0   3.0155343794E+01   8.7165668227E+00   6.6955806583E+00   1.0960958925E+01   9.9999980611E-01   9.9995380733E-01   6.2831853072E+00
  -1  -147   0    0   3.0631692593E+01   8.6792199852E+00   6.6944254190E+00   1.0857875350E+01   9.9999418421E-01   9.9992312639E-01   6.2831853072E+00
  -1  -148   0    0   3.1111023770E+01   8.6478242738E+00   6.6963065548E+00   1.0774208910E+01   9.9999585903E-01   9.9996880704E-01   6.2831853072E+00
  -1  -149   0    0   3.1592769292E+01   8.6216055016E+00   6.7003742682E+00   1.0693382353E+01   9.9998672594E-01   9.9998418625E-01   6.2831853072E+00
  -1  -150   0    0   3.2076492391E+01   8.5999259629E+00   6.7053060556E+00   1.0630409476E+01   9.9997391406E-01   9.9999368701E-01   6.2831853072E+00
  -1  -151   0    0   3.2561852041E+01   8.5822550014E+00   6.7117021862E+00   1.0572794219E+01   9.9998341361E-01   9.9999880108E-01   6.2831853072E+00
  -1  -152   0    0   3.3048578747E+01   8.5681471096E+00   6.7231644514E+00   1.0519009866E+01   9.9997189681E-01   9.9999460110E-01   6.2831853072E+00
  -1  -153   0    0   3.3536456294E+01   8.5572249891E+00   6.7354291339E+00   1.0469479909E+01   9.9995861732E-01   9.9998806123E-01   6.2831853072E+00
  -1  -154   0    0   3.4025309616E+01   8.5491668575E+00   6.7461016820E+00   1.0435533762E+01   9.9999672705E-01   9.9997962187E-01   6.2831853072E+00
  -1  -155   0    0   3.4514995555E+01   8.5436963517E+00   6.7593486232E+00   1.0398872595E+01   9.9999929456E-01   9.9998743311E-01   6.2831853072E+00
  -1  -156   0    0   3.5005395787E+01   8.5405747819E+00   6.7755739022E+00   1.0375037344E+01   9.9999999626E-01   9.9999300772E-01   6.2831853072E+00
  -1  -157   0    0   3.5496411868E+01   8.5395948536E+00   6.7896376667E+00   1.0347439543E+01   9.9990517522E-01   9.9994125323E-01   6.2831853072E+00
  -1  -158   0    0   3.5987960945E+01   8.5405755561E+00   6.8068228130E+00   1.0333024358E+01   9.9988930470E-01   9.9995264837E-01   6.2831853072E+00
  -1  -159   0    0   3.6479973170E+01   8.5433582995E+00   6.8254042891E+00   1.0320904927E+01   9.9987334446E-01   9.9996219856E-01   6.2831853072E+00
  -1  -160   0    0   3.6972389101E+01   8.5478033917E+00   6.8428470610E+00   1.0310200404E+01   9.9992354084E-01   9.9984143975E-01   6.2831853072E+00
  -1  -161   0    0   3.7465157575E+01   8.5537877337E+00   6.8625828916E+00   1.0300867196E+01   9.9993440925E-01   9.9985727391E-01   6.2831853072E+00
  -1  -162   0    0   3.7958234745E+01   8.5612019889E+00   6.8824100866E+00   1.0295550484E+01   9.9994387306E-01   9.9987140908E-01   6.2831853072E+00
  -1  -163   0    0   3.8451582552E+01   8.5699491519E+00   6.8995921553E+00   1.0295240832E+01   9.9998007986E-01   9.9989267461E-01   6.2831853072E+00
  -1  -164   0    0   3.8945167817E+01   8.5799426439E+00   6.9215236581E+00   1.0303596522E+01   9.9997497159E-01   9.9990356434E-01   6.2831853072E+00
  -1  -165   0    0   3.9438961525E+01   8.5911053204E+00   6.9434919999E+00   1.0312720298E+01   9.9996960995E-01   9.9991331838E-01   6.2831853072E+00
  -1  -166   0    0   3.9932938193E+01   8.6033682055E+00   6.9646381834E+00   1.0322796313E+01   9.9999099140E-01   9.9997223296E-01   6.2831853072E+00
  -1  -167   0    0   4.0427075171E+01   8.6166692384E+00   6.9872641390E+00   1.0334321501E+01   9.9999352538E-01   9.9997683947E-01   6.2831853072E+00
  -1  -168   0    0   4.0921352491E+01   8.6309529562E+00   7.0099089622E+00   1.0346399115E+01   9.9999554260E-01   9.9998082202E-01   6.2831853072E+00
  -1  -169   0    0   4.1415752333E+01   8.6461693703E+00   7.0323656905E+00   1.0364188594E+01   9.9998083227E-01   9.9996876096E-01   6.2831853072E+00
  -1  -170   0    0   4.1910258719E+01   8.6622737236E+00   7.0548455025E+00   1.0379255413E+01   9.9998410173E-01   9.9997297708E-01   6.2831853072E+00
  -1  -171   0    0   4.2404857332E+01   8.6792255197E+00   7.0773382001E+00   1.0405944710E+01   9.9998692798E-01   9.9997670374E-01   6.2831853072E+00
  -1  -172   0    0   4.2899535258E+01   8.6969884981E+00   7.1012674577E+00   1.0426027837E+01   9.9996488301E-01   9.9992785149E-01   6.2831853072E+00
  -1  -173   0    0   4.3394280810E+01   8.7155295361E+00   7.1241460382E+00   1.0455738649E+01   9.9996077302E-01   9.9993346587E-01   6.2831853072E+00
  -1  -174   0    0   4.3889083381E+01   8.7348192091E+00   7.1490677064E+00   1.0490149169E+01   9.9995664214E-01   9.9993860771E-01   6.2831853072E+00
  -1  -175   0    0   4.4383933325E+01   8.7548307716E+00   7.1729376996E+00   1.0521026863E+01   9.9999056120E-01   9.9992773490E-01   6.2831853072E+00
  -1  -176   0    0   4.4878821784E+01   8.7755403837E+00   7.1989626971E+00   1.0558058475E+01   9.9998867502E-01   9.9993263048E-01   6.2831853072E+00
  -1  -177   0    0   4.5373740676E+01   8.7969263332E+00   7.2249633785E+00   1.0595165251E+01   9.9998671220E-01   9.9993714819E-01   6.2831853072E+00
  -1  -178   0    0   4.5868682546E+01   8.8189692941E+00   7.2494928882E+00   1.0632791495E+01   9.9990919230E-01   9.9993715385E-01   6.2831853072E+00
  -1  -179   0    0   4.6363640560E+01   8.8416515120E+00   7.2739628566E+00   1.0672566599E+01   9.9990424515E-01   9.9993302719E-01   6.2831853072E+00
  -1  -180   0    0   4.6858608356E+01   8.8649574200E+00   7.2997482522E+00   1.0712357400E+01   9.9989938639E-01   9.9992895388E-01   6.2831853072E+00
  -1  -181   0    0   4.7353580025E+01   8.8888729802E+00   7.3276861850E+00   1.0753983427E+01   9.9999820257E-01   9.9992243287E-01   6.2831853072E+00
  -1  -182   0    0   4.7848550149E+01   8.9133855488E+00   7.3544557697E+00   1.0795131981E+01   9.9999875535E-01   9.9991841825E-01   6.2831853072E+00
  -1  -183   0    0   4.8343513607E+01   8.9384839295E+00   7.3811974344E+00   1.0846896726E+01   9.9999919019E-01   9.9991447433E-01   6.2831853072E+00
  -1  -184   0    0   4.8838465692E+01   8.9641584327E+00   7.4078678582E+00   1.0891271559E+01   9.9991240889E-01   9.9996437602E-01   6.2831853072E+00
  -1  -185   0    0   4.9333401844E+01   8.9903996070E+00   7.4346341066E+00   1.0945968648E+01   9.9991608585E-01   9.9996196651E-01   6.2831853072E+00
  -1  -186   6    8   4.9553167907E+01   9.0022315152E+00   7.4465891080E+00   1.0970666199E+01   9.9991764645E-01   9.9996090359E-01   6.2831853072E+00
  -1   187   0    0   4.9557620446E+01   9.0024723110E+00   7.4466773085E+00   1.0967529795E+01   9.9988950344E-01   9.9995085330E-01   6.2831853072E+00
  -1   188   0    0   4.9561600794E+01   9.0026876615E+00   7.4468925370E+00   1.0967985135E+01   9.9988947116E-01   9.9995083178E-01   6.2831853072E+00
  -1   189   0    0   4.9565854015E+01   9.0029178153E+00   7.4471242006E+00   1.0968473713E+01   9.9988943667E-01   9.9995080877E-01   6.2831853072E+00
  -1   190   0    0   4.9572233551E+01   9.0032627605E+00   7.4447884943E+00   1.0966485203E+01   9.9987048658E-01   9.9999999261E-01   6.2831853072E+00
  -1   191   0    0   4.9581803251E+01   9.0037808931E+00   7.4453268087E+00   1.0967604744E+01   9.9987057046E-01   9.9999999197E-01   6.2831853072E+00
  -1   192   0    0   4.9596157731E+01   9.0045584785E+00   7.4461349735E+00   1.0969284807E+01   9.9987069611E-01   9.9999999095E-01   6.2831853072E+00
  -1   193   0    0   4.9617689502E+01   9.0057257243E+00   7.4487007307E+00   1.0973471138E+01   9.9994779329E-01   9.9992270886E-01   6.2831853072E+00
  -1   194   0    0   4.9649986965E+01   9.0074785753E+00   7.4505019345E+00   1.0977215470E+01   9.9994797207E-01   9.9992249099E-01   6.2831853072E+00
  -1   195   0    0   4.9698432956E+01   9.0101122782E+00   7.4532035001E+00   1.0982831390E+01   9.9994823877E-01   9.9992216471E-01   6.2831853072E+00
  -1   196   0    0   4.9771101467E+01   9.0140730728E+00   7.4546515123E+00   1.0989979761E+01   9.9997198156E-01   9.9980805839E-01   6.2831853072E+00
  -1   197   0    0   4.9880103377E+01   9.0200361764E+00   7.4608385026E+00   1.1000599801E+01   9.9997241535E-01   9.9980919647E-01   6.2831853072E+00
  -1   198   0    0   5.0043604013E+01   9.0290309745E+00   7.4701165584E+00   1.1016853418E+01   9.9997305258E-01   9.9981087839E-01   6.2831853072E+00
  -1   199   0    0   5.0288849812E+01   9.0426352611E+00   7.4838966191E+00   1.1047446208E+01   9.9979610369E-01   9.9988986618E-01   6.2831853072E+00
  -1   200   4    9   5.0656705668E+01   9.0632935953E+00   7.5047674483E+00   1.1091418588E+01   9.9979984704E-01   9.9988708487E-01   6.2831853072E+00
  -1   201   0    0   5.1151549372E+01   9.0915574928E+00   7.5328198060E+00   1.1150499436E+01   9.9980465827E-01   9.9988341985E-01   6.2831853072E+00
  -1   202   0    0   5.1646359952E+01   9.1203595485E+00   7.5612441826E+00   1.1204840553E+01   9.9987042511E-01   9.9985217025E-01   6.2831853072E+00
  -1   203   0    0   5.2141133819E+01   9.1496951387E+00   7.5883810811E+00   1.1260067237E+01   9.9987399748E-01   9.9985598766E-01   6.2831853072E+00
  -1   204   0    0   5.2635868143E+01   9.1795610753E+00   7.6154864508E+00   1.1325293051E+01   9.9987738487E-01   9.9985961062E-01   6.2831853072E+00
  -1   205   0    0   5.3130560125E+01   9.2099542541E+00   7.6417453772E+00   1.1394077266E+01   9.9981317170E-01   9.9998456475E-01   6.2831853072E+00
  -1   206   0    0   5.3625207020E+01   9.2408726810E+00   7.6686342207E+00   1.1456768235E+01   9.9981699250E-01   9.9998564895E-01   6.2831853072E+00
  -1   207   0    0   5.4119806320E+01   9.2723142168E+00   7.6974179920E+00   1.1519335564E+01   9.9982063045E-01   9.9998665459E-01   6.2831853072E+00
  -1   208   0    0   5.4614355524E+01   9.3042772049E+00   7.7265101536E+00   1.1583620968E+01   9.9982317745E-01   9.9993747800E-01   6.2831853072E+00
  -1   209   0    0   5.5108852530E+01   9.3367607474E+00   7.7555842851E+00   1.1657845963E+01   9.9981983549E-01   9.9993548437E-01   6.2831853072E+00
  -1   210   0    0   5.5603295084E+01   9.3697638849E+00   7.7846322096E+00   1.1731968930E+01   9.9981659043E-01   9.9993353663E-01   6.2831853072E+00
  -1   211   0    0   5.6097681021E+01   9.4032858805E+00   7.8111723622E+00   1.1801783367E+01   9.9997299146E-01   9.9991998484E-01   6.2831853072E+00
  -1   212   0    0   5.6592008620E+01   9.4373268520E+00   7.8406378229E+00   1.1878538897E+01   9.9997413718E-01   9.9991797904E-01   6.2831853072E+00
  -1   213   0    0   5.7086275929E+01   9.4718865595E+00   7.8700782060E+00   1.1955181708E+01   9.9997521619E-01   9.9991602557E-01   6.2831853072E+00
  -1   214   0    0   5.7580481290E+01   9.5069652357E+00   7.8982942318E+00   1.2031895997E+01   9.9994210154E-01   9.9991949202E-01   6.2831853072E+00
  -1   215   0    0   5.8074622886E+01   9.5425630290E+00   7.9279066988E+00   1.2109804963E+01   9.9994360220E-01   9.9991770098E-01   6.2831853072E+00
  -1   216   0    0   5.8568699250E+01   9.5786804744E+00   7.9574934936E+00   1.2187582194E+01   9.9994502735E-01   9.9991595929E-01   6.2831853072E+00
  -1   217   0    0   5.9062709105E+01   9.6153180882E+00   7.9863224973E+00   1.2268721793E+01   9.9990587727E-01   9.9992000440E-01   6.2831853072E+00
  -1   218   0    0   5.9556650710E+01   9.6524766374E+00   8.0160307517E+00   1.2347888489E+01   9.9990415512E-01   9.9991841613E-01   6.2831853072E+00
  -1   219   0    0   6.0050522960E+01   9.6901567973E+00   8.0457118807E+00   1.2426903306E+01   9.9990248425E-01   9.9991687400E-01   6.2831853072E+00
  -1   220   0    0   6.0544324679E+01   9.7283591912E+00   8.0748808023E+00   1.2512775026E+01   9.9998321452E-01   9.9991481283E-01   6.2831853072E+00
  -1   221   0    0   6.1038054694E+01   9.7670849212E+00   8.1046776280E+00   1.2593237745E+01   9.9998256486E-01   9.9991335702E-01   6.2831853072E+00
  -1   222   0    0   6.1531711991E+01   9.8063346501E+00   8.1344453309E+00   1.2683278640E+01   9.9998192889E-01   9.9991194631E-01   6.2831853072E+00
  -1   223   0    0   6.2025295627E+01   9.8461092559E+00   8.1633057129E+00   1.2767760537E+01   9.9999719794E-01   9.9996103161E-01   6.2831853072E+00
  -1   224   0    0   6.2518804686E+01   9.8864093625E+00   8.1933737935E+00   1.2863252325E+01   9.9999742625E-01   9.9996015724E-01   6.2831853072E+00
  -1   225   0    0   6.3012238381E+01   9.9272357756E+00   8.2234120991E+00   1.2960055966E+01   9.9999763633E-01   9.9995930861E-01   6.2831853072E+00
  -1   226   0    0   6.3505596026E+01   9.9685894886E+00   8.2530110226E+00   1.3051115439E+01   9.9998200611E-01   9.9998728680E-01   6.2831853072E+00
  -1   227   0    0   6.3998876879E+01   1.0010470484E+01   8.2831694293E+00   1.3149647133E+01   9.9998252468E-01   9.9998684394E-01   6.2831853072E+00
  -1   228   0    0   6.4492080405E+01   1.0052879592E+01   8.3132954106E+00   1.3248060733E+01   9.9998301484E-01   9.9998641213E-01   6.2831853072E+00
  -1   229   0    0   6.4985206264E+01   1.0095817390E+01   8.3425561495E+00   1.3341570943E+01   9.9990968855E-01   9.9999271362E-01   6.2831853072E+00
  -1   230   0    0   6.5478253687E+01   1.0139283907E+01   8.3729863956E+00   1.3442618136E+01   9.9990865523E-01   9.9999300336E-01   6.2831853072E+00
  -1   231   0    0   6.5971222475E+01   1.0183279498E+01   8.4033832332E+00   1.3543530103E+01   9.9990766040E-01   9.9999327525E-01   6.2831853072E+00
  -1   232   0    0   6.6464112312E+01   1.0227804236E+01   8.4338038843E+00   1.3644313591E+01   9.9998840287E-01   9.9997025135E-01   6.2831853072E+00
  -1   233   0    0   6.6956923016E+01   1.0272858092E+01   8.4639556214E+00   1.3745647410E+01   9.9998807718E-01   9.9997076712E-01   6.2831853072E+00
  -1   234   0    0   6.7449654406E+01   1.0318440871E+01   8.4940667195E+00   1.3846810364E+01   9.9998776176E-01   9.9997125574E-01   6.2831853072E+00
  -1   235   0    0   6.7942306588E+01   1.0364552549E+01   8.5243598955E+00   1.3952944339E+01   9.9997649248E-01   9.9983099370E-01   6.2831853072E+00
  -1   236   0    0   6.8434879137E+01   1.0411192031E+01   8.5549673587E+00   1.4057846920E+01   9.9997608999E-01   9.9982991740E-01   6.2831853072E+00
  -1   237   0    0   6.8927372285E+01   1.0458358974E+01   8.5855350276E+00   1.4162566560E+01   9.9997570317E-01   9.9982888834E-01   6.2831853072E+00
  -1   238   0    0   6.9419786137E+01   1.0506052474E+01   8.6160400125E+00   1.4270563815E+01   9.9991303451E-01   9.9988531496E-01   6.2831853072E+00
  -1   239   0    0   6.9912120845E+01   1.0554271762E+01   8.6464646147E+00   1.4376514066E+01   9.9991236766E-01   9.9988607801E-01   6.2831853072E+00
  -1   240   0    0   7.0404376632E+01   1.0603015605E+01   8.6768428327E+00   1.4482249455E+01   9.9991173163E-01   9.9988680073E-01   6.2831853072E+00
  -1   241   0    0   7.0896553832E+01   1.0652283717E+01   8.7077518819E+00   1.4598563305E+01   9.9997430875E-01   9.9997857282E-01   6.2831853072E+00
  -1   242   0    0   7.1388652660E+01   1.0702072614E+01   8.7383505268E+00   1.4707127861E+01   9.9997399855E-01   9.9997828944E-01   6.2831853072E+00
  -1   243   0    0   7.1880673566E+01   1.0752381637E+01   8.7689003756E+00   1.4815456601E+01   9.9997370319E-01   9.9997801948E-01   6.2831853072E+00
  -1   244   0    0   7.2372617453E+01   1.0803208307E+01   8.7997238290E+00   1.4937501453E+01   9.9991644757E-01   9.9999567909E-01   6.2831853072E+00
  -1   245   0    0   7.2864483905E+01   1.0854551924E+01   8.8304656865E+00   1.5049208858E+01   9.9991691787E-01   9.9999557132E-01   6.2831853072E+00
  -1   246   0    0   7.3356273911E+01   1.0906409689E+01   8.8611560590E+00   1.5160662852E+01   9.9991735971E-01   9.9999546859E-01   6.2831853072E+00
  -1   247   0    0   7.3847988005E+01   1.0958778863E+01   8.8905853178E+00   1.5288041768E+01   9.9977662455E-01   9.9984725339E-01   6.2831853072E+00
  -1   248   0    0   7.4339626953E+01   1.1011657747E+01   8.9217820477E+00   1.5404004466E+01   9.9977598404E-01   9.9984672364E-01   6.2831853072E+00
  -1   249   0    0   7.4831191373E+01   1.1065043280E+01   8.9529287213E+00   1.5519704129E+01   9.9977538353E-01   9.9984622683E-01   6.2831853072E+00
  -1   250   0    0   7.5322682055E+01   1.1118931996E+01   8.9822932901E+00   1.5643725658E+01   9.9998104682E-01   9.9988759063E-01   6.2831853072E+00
  -1   251   0    0   7.5814099639E+01   1.1173322164E+01   9.0136296487E+00   1.5761545241E+01   9.9998119836E-01   9.9988722053E-01   6.2831853072E+00
  -1   252   0    0   7.6305444987E+01   1.1228210022E+01   9.0449136385E+00   1.5879074526E+01   9.9998133854E-01   9.9988687633E-01   6.2831853072E+00
  -1   253   0    0   7.6796719174E+01   1.1283592681E+01   9.0738337023E+00   1.6009933228E+01   9.9973916442E-01   9.9982880821E-01   6.2831853072E+00
  -1   254   0    0   7.7287922608E+01   1.1339465901E+01   9.1053012464E+00   1.6130568688E+01   9.9973961052E-01   9.9982916959E-01   6.2831853072E+00
  -1   255   0    0   7.7779056429E+01   1.1395826495E+01   9.1367142473E+00   1.6250893972E+01   9.9974001974E-01   9.9982950102E-01   6.2831853072E+00
  -1   256   0    0   7.8270121712E+01   1.1452671494E+01   9.1644656409E+00   1.6387024593E+01   9.9999676824E-01   9.9981779342E-01   6.2831853072E+00
  -1   257   0    0   7.8761119147E+01   1.1509995560E+01   9.1960982366E+00   1.6511996747E+01   9.9999673028E-01   9.9981750907E-01   6.2831853072E+00
  -1   258   0    0   7.9252049867E+01   1.1567795453E+01   9.2276748802E+00   1.6636650459E+01   9.9999669581E-01   9.9981725220E-01   6.2831853072E+00
  -1   259   0    0   7.9742915249E+01   1.1626066375E+01   9.2595208836E+00   1.6762278812E+01   9.9987891752E-01   9.9979970847E-01   6.2831853072E+00
  -1   260   0    0   8.0233715608E+01   1.1684805505E+01   9.2909490967E+00   1.6886603905E+01   9.9987875107E-01   9.9979992242E-01   6.2831853072E+00
  -1   261   0    0   8.0724452361E+01   1.1744007831E+01   9.3223151945E+00   1.7010567523E+01   9.9987860481E-01   9.9980011020E-01   6.2831853072E+00
  -1   262   0    0   8.1215126558E+01   1.1803668659E+01   9.3496813257E+00   1.7151070428E+01   9.9990758234E-01   9.9983952713E-01   6.2831853072E+00
  -1   263   0    0   8.1705739353E+01   1.1863784007E+01   9.3812790199E+00   1.7277548238E+01   9.9990748817E-01   9.9983965116E-01   6.2831853072E+00
  -1   264   0    0   8.2196291826E+01   1.1924348998E+01   9.4128138849E+00   1.7403642733E+01   9.9990740978E-01   9.9983975434E-01   6.2831853072E+00
  -1   265   0    0   8.2686785395E+01   1.1985359050E+01   9.4445929792E+00   1.7535760006E+01   9.9973592249E-01   9.9993041997E-01   6.2831853072E+00
  -1   266   0    0   8.3177220595E+01   1.2046809177E+01   9.4759694638E+00   1.7675861045E+01   9.9973584035E-01   9.9993046213E-01   6.2831853072E+00
  -1   267   0    0   8.3667598867E+01   1.2108694640E+01   9.5072773948E+00   1.7815643848E+01   9.9973578181E-01   9.9993049216E-01   6.2831853072E+00
  -1   268   0    0   8.4157922095E+01   1.2171010116E+01   9.5396824171E+00   1.7953689794E+01   9.9999997968E-01   9.9998566710E-01   6.2831853072E+00
  -1   269   0    0   8.4648189960E+01   1.2233751478E+01   9.5702432511E+00   1.8085161694E+01   9.9999997980E-01   9.9998566377E-01   6.2831853072E+00
  -1   270   0    0   8.5138404354E+01   1.2296913293E+01   9.6007227012E+00   1.8216215060E+01   9.9999997975E-01   9.9998566524E-01   6.2831853072E+00
  -1   271   0    0   8.5628566259E+01   1.2360489447E+01   9.6289718563E+00   1.8357887514E+01   9.9999303058E-01   9.9995488076E-01   6.2831853072E+00
  -1   272   0    0   8.6118677195E+01   1.2424476930E+01   9.6602580438E+00   1.8500770143E+01   9.9999302332E-01   9.9995486230E-01   6.2831853072E+00
  -1   273   0    0   8.6608738143E+01   1.2488869571E+01   9.6914702061E+00   1.8643282622E+01   9.9999301318E-01   9.9995483651E-01   6.2831853072E+00
  -1   274   0    0   8.7098750942E+01   1.2553663366E+01   9.7236198529E+00   1.8784930022E+01   9.9988683590E-01   9.9999686871E-01   6.2831853072E+00
  -1   275   0    0   8.7588715388E+01   1.2618850850E+01   9.7539337451E+00   1.8926876838E+01   9.9988677376E-01   9.9999687904E-01   6.2831853072E+00
  -1   276   0    0   8.8078633306E+01   1.2684427953E+01   9.7841597639E+00   1.9068413205E+01   9.9988670185E-01   9.9999689096E-01   6.2831853072E+00
  -1   277   0    0   8.8568507055E+01   1.2750389923E+01   9.8134524935E+00   1.9206373300E+01   9.9999133022E-01   9.9991728413E-01   6.2831853072E+00
  -1   278   0    0   8.9058335340E+01   1.2816730669E+01   9.8433982451E+00   1.9350399584E+01   9.9999130541E-01   9.9991736070E-01   6.2831853072E+00
  -1   279   0    0   8.9548120508E+01   1.2883445406E+01   9.8732506677E+00   1.9494000169E+01   9.9999127835E-01   9.9991744403E-01   6.2831853072E+00
  -1   280   0    0   9.0037863825E+01   1.2950528682E+01   9.9074136387E+00   1.9629475720E+01   9.9999447721E-01   9.9999547509E-01   6.2831853072E+00
  -1   281   0    0   9.0527566105E+01   1.3017975798E+01   9.9376213206E+00   1.9776528509E+01   9.9999450186E-01   9.9999549740E-01   6.2831853072E+00
  -1   282   0    0   9.1017228589E+01   1.3085781332E+01   9.9677378876E+00   1.9923149044E+01   9.9999452781E-01   9.9999552089E-01   6.2831853072E+00
  -1   283   0    0   9.1506852475E+01   1.3153939741E+01   9.9986552440E+00   2.0065124239E+01   9.9994356549E-01   9.9998097183E-01   6.2831853072E+00
  -1   284   0    0   9.1996438615E+01   1.3222446661E+01   1.0029226430E+01   2.0212905966E+01   9.9994347462E-01   9.9998091905E-01   6.2831853072E+00
  -1   285   0    0   9.2485988171E+01   1.3291296610E+01   1.0059710411E+01   2.0360234447E+01   9.9994338047E-01   9.9998086434E-01   6.2831853072E+00
  -1   286   0    0   9.2975502441E+01   1.3360483360E+01   1.0086117774E+01   2.0504438704E+01   9.9991346895E-01   9.9998244137E-01   6.2831853072E+00
  -1   287   0    0   9.3464981957E+01   1.3430004178E+01   1.0115649337E+01   2.0648430691E+01   9.9991334601E-01   9.9998238597E-01   6.2831853072E+00
  -1   288   0    0   9.3954427961E+01   1.3499852937E+01   1.0145081662E+01   2.0791922862E+01   9.9991322046E-01   9.9998232934E-01   6.2831853072E+00
  -1   289   0    0   9.4443842782E+01   1.3570025535E+01   1.0179668593E+01   2.0948866493E+01   9.9991964445E-01   9.9995087308E-01   6.2831853072E+00
  -1   290   0    0   9.4933224751E+01   1.3640515423E+01   1.0210089136E+01   2.1096350740E+01   9.9991952010E-01   9.9995097022E-01   6.2831853072E+00
  -1   291   0    0   9.5422576135E+01   1.3711318572E+01   1.0240420790E+01   2.1243336293E+01   9.9991939459E-01   9.9995106810E-01   6.2831853072E+00
  -1   292   0    0   9.5911899690E+01   1.3782430993E+01   1.0271016464E+01   2.1394760296E+01   9.9999829062E-01   9.9999998482E-01   6.2831853072E+00
  -1   293   0    0   9.6401192727E+01   1.3853846389E+01   1.0301017796E+01   2.1544386231E+01   9.9999827217E-01   9.9999998651E-01   6.2831853072E+00
  -1   294   0    0   9.6890457952E+01   1.3925560860E+01   1.0330925848E+01   2.1693508430E+01   9.9999825366E-01   9.9999998809E-01   6.2831853072E+00
  -1   295   0    0   9.7379696589E+01   1.3997571401E+01   1.0360854464E+01   2.1844834732E+01   9.9963525925E-01   9.9999540215E-01   6.2831853072E+00
  -1   296   0    0   9.7868908826E+01   1.4069870301E+01   1.0390712296E+01   2.1994903044E+01   9.9963552367E-01   9.9999537240E-01   6.2831853072E+00
  -1   297   0    0   9.8358095844E+01   1.4142454658E+01   1.0420476052E+01   2.2144454509E+01   9.9963578470E-01   9.9999534293E-01   6.2831853072E+00
  -1   298   0    0   9.8847261721E+01   1.4215321195E+01   1.0450169579E+01   2.2297449751E+01   9.9977883171E-01   9.9999302971E-01   6.2831853072E+00
  -1   299   0    0   9.9336400753E+01   1.4288463412E+01   1.0479753947E+01   2.2447578150E+01   9.9977902782E-01   9.9999306449E-01   6.2831853072E+00
  -1   300   4   10   9.9825516964E+01   1.4361878098E+01   1.0509242322E+01   2.2597176820E+01   9.9977921919E-01   9.9999309836E-01   6.2831853072E+00
  -1   301   0    0   1.0031461161E+02   1.4435557626E+01   1.0539251897E+01   2.2755636067E+01   9.9997721122E-01   9.9999418932E-01   6.2831853072E+00
  -1   302   0    0   1.0080368450E+02   1.4509504677E+01   1.0568767462E+01   2.2908842627E+01   9.9997726896E-01   9.9999416011E-01   6.2831853072E+00
  -1   303   0    0   1.0129273679E+02   1.4583711894E+01   1.0598187634E+01   2.3061524746E+01   9.9997732447E-01   9.9999413192E-01   6.2831853072E+00
  -1   304   0    0   1.0178176969E+02   1.4658176450E+01   1.0626803473E+01   2.3214957152E+01   9.9941049002E-01   9.9999981529E-01   6.2831853072E+00
  -1   305   0    0   1.0227078289E+02   1.4732892296E+01   1.0656475626E+01   2.3370236888E+01   9.9941023243E-01   9.9999981070E-01   6.2831853072E+00
  -1   306   0    0   1.0275977755E+02   1.4807856733E+01   1.0686055665E+01   2.3524993701E+01   9.9940998909E-01   9.9999980631E-01   6.2831853072E+00
  -1   307   0    0   1.0324875383E+02   1.4883063830E+01   1.0711107365E+01   2.3674748481E+01   9.9968754218E-01   9.9993708862E-01   6.2831853072E+00
  -1   308   0    0   1.0373771329E+02   1.4958514423E+01   1.0739653901E+01   2.3832462903E+01   9.9968769606E-01   9.9993701954E-01   6.2831853072E+00
  -1   309   0    0   1.0422665606E+02   1.5034202786E+01   1.0768098662E+01   2.3989659510E+01   9.9968783711E-01   9.9993695617E-01   6.2831853072E+00
  -1   310   0    0   1.0471558375E+02   1.5110125246E+01   1.0794375541E+01   2.4137891614E+01   9.9985800858E-01   9.9998234648E-01   6.2831853072E+00
  -1   311   0    0   1.0520449484E+02   1.5186278939E+01   1.0822490710E+01   2.4297362857E+01   9.9985793229E-01   9.9998231957E-01   6.2831853072E+00
  -1   312   0    0   1.0569339090E+02   1.5262660359E+01   1.0852114977E+01   2.4456319176E+01   9.9985786618E-01   9.9998229624E-01   6.2831853072E+00
  -1   313   0    0   1.0618227320E+02   1.5339267719E+01   1.0890439288E+01   2.4592347520E+01   9.9938374043E-01   9.9991784795E-01   6.2831853072E+00
  -1   314   0    0   1.0667114072E+02   1.5416095211E+01   1.0919240765E+01   2.4755067817E+01   9.9938383233E-01   9.9991781439E-01   6.2831853072E+00
  -1   315   0    0   1.0715999469E+02   1.5493141186E+01   1.0947946938E+01   2.4917286014E+01   9.9938389969E-01   9.9991778978E-01   6.2831853072E+00
  -1   316   0    0   1.0764883713E+02   1.5570402728E+01   1.0971008350E+01   2.5066226911E+01   9.9955283572E-01   9.9996280327E-01   6.2831853072E+00
  -1   317   0    0   1.0813766536E+02   1.5647877079E+01   1.0999000492E+01   2.5229501755E+01   9.9955282299E-01   9.9996279960E-01   6.2831853072E+00
  -1   318   0    0   1.0862648133E+02   1.5725561477E+01   1.1026892187E+01   2.5392273439E+01   9.9955283394E-01   9.9996280276E-01   6.2831853072E+00
  -1   319   0    0   1.0911528541E+02   1.5803452561E+01   1.1063161741E+01   2.5560557647E+01   9.9998892794E-01   9.9989984870E-01   6.2831853072E+00
  -1   320   0    0   1.0960407807E+02   1.5881549241E+01   1.1091615312E+01   2.5720469771E+01   9.9998891833E-01   9.9989987761E-01   6.2831853072E+00
  -1   321   0    0   1.1009285961E+02   1.5959848349E+01   1.1119974917E+01   2.5879859577E+01   9.9998890454E-01   9.9989991904E-01   6.2831853072E+00
  -1   322   0    0   1.1058162997E+02   1.6038347057E+01   1.1146243897E+01   2.6003556578E+01   9.9996305603E-01   9.9998020945E-01   6.2831853072E+00
  -1   323   0    0   1.1107039027E+02   1.6117044035E+01   1.1175115528E+01   2.6156916589E+01   9.9996309723E-01   9.9998023960E-01   6.2831853072E+00
  -1   324   0    0   1.1155914039E+02   1.6195936644E+01   1.1203899710E+01   2.6324069589E+01   9.9996314681E-01   9.9998027587E-01   6.2831853072E+00
  -1   325   0    0   1.1204788277E+02   1.6275025380E+01   1.1227675590E+01   2.6481241910E+01   9.9997739932E-01   9.9994902015E-01   6.2831853072E+00
  -1   326   0    0   1.1253661340E+02   1.6354303147E+01   1.1255189553E+01   2.6648409930E+01   9.9997734668E-01   9.9994909913E-01   6.2831853072E+00
  -1   327   0    0   1.1302533463E+02   1.6433770570E+01   1.1282606591E+01   2.6815092499E+01   9.9997728675E-01   9.9994918888E-01   6.2831853072E+00
  -1   328   0    0   1.1351404947E+02   1.6513429854E+01   1.1318905173E+01   2.6994246552E+01   9.9999686380E-01   9.9993822647E-01   6.2831853072E+00
  -1   329   0    0   1.1400275260E+02   1.6593271332E+01   1.1346938819E+01   2.7157599154E+01   9.9999689163E-01   9.9993810259E-01   6.2831853072E+00
  -1   330   0    0   1.1449144695E+02   1.6673297314E+01   1.1374882510E+01   2.7320449841E+01   9.9999692224E-01   9.9993796556E-01   6.2831853072E+00
  -1   331   0    0   1.1498013200E+02   1.6753505462E+01   1.1400360575E+01   2.7476002675E+01   9.9970596628E-01   9.9996760288E-01   6.2831853072E+00
  -1   332   0    0   1.1546880934E+02   1.6833895918E+01   1.1427839464E+01   2.7640446940E+01   9.9970632377E-01   9.9996772148E-01   6.2831853072E+00
  -1   333   0    0   1.1595747836E+02   1.6914466554E+01   1.1455226593E+01   2.7804398212E+01   9.9970671174E-01   9.9996785003E-01   6.2831853072E+00
  -1   334   0    0   1.1644613905E+02   1.6995211525E+01   1.1484429170E+01   2.7920215968E+01   9.9995831119E-01   9.9997827883E-01   6.2831853072E+00
  -1   335   0    0   1.1693479180E+02   1.7076138789E+01   1.1512617834E+01   2.8086482813E+01   9.9995814070E-01   9.9997840159E-01   6.2831853072E+00
  -1   336   0    0   1.1742343653E+02   1.7157242739E+01   1.1540723453E+01   2.8256425042E+01   9.9995795732E-01   9.9997853297E-01   6.2831853072E+00
  -1   337   0    0   1.1791207315E+02   1.7238520139E+01   1.1560376497E+01   2.8409752295E+01   9.9979642519E-01   9.9994064744E-01   6.2831853072E+00
  -1   338   0    0   1.1840070205E+02   1.7319974591E+01   1.1588742115E+01   2.8571866408E+01   9.9979688617E-01   9.9994039812E-01   6.2831853072E+00
  -1   339   0    0   1.1888932308E+02   1.7401603061E+01   1.1617029179E+01   2.8742636612E+01   9.9979737625E-01   9.9994013218E-01   6.2831853072E+00
  -1   340   0    0   1.1937793678E+02   1.7483405479E+01   1.1642495825E+01   2.8905639980E+01   9.9995172624E-01   9.9995223997E-01   6.2831853072E+00
  -1   341   0    0   1.1986654210E+02   1.7565379976E+01   1.1670719341E+01   2.9076189921E+01   9.9995199490E-01   9.9995250720E-01   6.2831853072E+00
  -1   342   0    0   1.2035513952E+02   1.7647526659E+01   1.1698865900E+01   2.9246292441E+01   9.9995227824E-01   9.9995278902E-01   6.2831853072E+00
  -1   343   0    0   1.2084372911E+02   1.7729845659E+01   1.1725786347E+01   2.9399947920E+01   9.9977638522E-01   9.9996259325E-01   6.2831853072E+00
  -1   344   0    0   1.2133231063E+02   1.7812335546E+01   1.1753818518E+01   2.9570828484E+01   9.9977706623E-01   9.9996287149E-01   6.2831853072E+00
  -1   345   0    0   1.2182088410E+02   1.7894996632E+01   1.1781774959E+01   2.9741271260E+01   9.9977778186E-01   9.9996316321E-01   6.2831853072E+00
  -1   346   0    0   1.2230944955E+02   1.7977828274E+01   1.1809494639E+01   2.9878668308E+01   9.9974823600E-01   9.9992279957E-01   6.2831853072E+00
  -1   347   0    0   1.2279800661E+02   1.8060831439E+01   1.1835924267E+01   3.0047524386E+01   9.9974907489E-01   9.9992326381E-01   6.2831853072E+00
  -1   348   0    0   1.2328655527E+02   1.8144005672E+01   1.1862269366E+01   3.0220081433E+01   9.9974995283E-01   9.9992374899E-01   6.2831853072E+00
  -1   349   0    0   1.2377509563E+02   1.8227351123E+01   1.1892379702E+01   3.0373976841E+01   9.9990423794E-01   9.9995496608E-01   6.2831853072E+00
  -1   350   0    0   1.2426362706E+02   1.8310868045E+01   1.1918751876E+01   3.0547221842E+01   9.9990483162E-01   9.9995537292E-01   6.2831853072E+00
  -1   351   0    0   1.2475214962E+02   1.8394556780E+01   1.1945042242E+01   3.0720058956E+01   9.9990545003E-01   9.9995579609E-01   6.2831853072E+00
  -1   352   0    0   1.2524066299E+02   1.8478418044E+01   1.1976354655E+01   3.0888257377E+01   9.9991241475E-01   9.9996038934E-01   6.2831853072E+00
  -1   353   0    0   1.2572916716E+02   1.8562451848E+01   1.2002780726E+01   3.1047274828E+01   9.9991306065E-01   9.9996082332E-01   6.2831853072E+00
  -1   354   0    0   1.2621766180E+02   1.8646659106E+01   1.2029128416E+01   3.1205854708E+01   9.9991373126E-01   9.9996127307E-01   6.2831853072E+00
  -1   355   0    0   1.2670614637E+02   1.8731039979E+01   1.2060119746E+01   3.1402315893E+01   9.9963575180E-01   9.9989923465E-01   6.2831853072E+00
  -1   356   0    0   1.2719462113E+02   1.8815596508E+01   1.2086765811E+01   3.1563721181E+01   9.9963724061E-01   9.9990001704E-01   6.2831853072E+00
  -1   357   0    0   1.2768308552E+02   1.8900329059E+01   1.2113337925E+01   3.1724710006E+01   9.9963878560E-01   9.9990082742E-01   6.2831853072E+00
  -1   358   0    0   1.2817154005E+02   1.8985238118E+01   1.2137410456E+01   3.1899904857E+01   9.9985117521E-01   9.9997334939E-01   6.2831853072E+00
  -1   359   0    0   1.2865998274E+02   1.9070326037E+01   1.2163598672E+01   3.2072433421E+01   9.9985224257E-01   9.9997379997E-01   6.2831853072E+00
  -1   360   0    0   1.2914841404E+02   1.9155593514E+01   1.2189713393E+01   3.2244591266E+01   9.9985334639E-01   9.9997426359E-01   6.2831853072E+00
  -1   361   0    0   1.2963683450E+02   1.9241044345E+01   1.2216713269E+01   3.2426489362E+01   9.9956684237E-01   9.9993100074E-01   6.2831853072E+00
  -1   362   0    0   1.3012524188E+02   1.9326675275E+01   1.2243611287E+01   3.2595124138E+01   9.9956887653E-01   9.9993018545E-01   6.2831853072E+00
  -1   363   0    0   1.3061363665E+02   1.9412490310E+01   1.2270442983E+01   3.2763393879E+01   9.9957097956E-01   9.9992933548E-01   6.2831853072E+00
  -1   364   0    0   1.3110201887E+02   1.9498489658E+01   1.2294023596E+01   3.2907529970E+01   9.9964798629E-01   9.9999998958E-01   6.2831853072E+00
  -1   365   0    0   1.3159038711E+02   1.9584678291E+01   1.2320882778E+01   3.3081446294E+01   9.9965002401E-01   9.9999999772E-01   6.2831853072E+00
  -1   366   0    0   1.3207874133E+02   1.9671056655E+01   1.2347678414E+01   3.3255030290E+01   9.9965212675E-01   9.9999999991E-01   6.2831853072E+00
  -1   367   0    0   1.3256708212E+02   1.9757626189E+01   1.2377759828E+01   3.3438715710E+01   9.9977113750E-01   9.9988875522E-01   6.2831853072E+00
  -1   368   0    0   1.3305540676E+02   1.9844390527E+01   1.2404209971E+01   3.3609127173E+01   9.9977295597E-01   9.9988748120E-01   6.2831853072E+00
  -1   369   0    0   1.3354371573E+02   1.9931351365E+01   1.2430597424E+01   3.3779217194E+01   9.9977482829E-01   9.9988615649E-01   6.2831853072E+00
  -1   370   0    0   1.3403200763E+02   2.0018511500E+01   1.2449270860E+01   3.3914200096E+01   9.9988547243E-01   9.9999888749E-01   6.2831853072E+00
  -1   371   0    0   1.3452028349E+02   2.0105873059E+01   1.2475957261E+01   3.4090479081E+01   9.9988689081E-01   9.9999902330E-01   6.2831853072E+00
  -1   372   0    0   1.3500854178E+02   2.0193439125E+01   1.2502585183E+01   3.4266472434E+01   9.9988834649E-01   9.9999915430E-01   6.2831853072E+00
  -1   373   0    0   1.3549678267E+02   2.0281212808E+01   1.2532299350E+01   3.4459342651E+01   9.9999904202E-01   9.9991732577E-01   6.2831853072E+00
  -1   374   0    0   1.3598500379E+02   2.0369196925E+01   1.2558682033E+01   3.4631743285E+01   9.9999889349E-01   9.9991598958E-01   6.2831853072E+00
  -1   375   0    0   1.3647320518E+02   2.0457394894E+01   1.2585007912E+01   3.4803872654E+01   9.9999872896E-01   9.9991459936E-01   6.2831853072E+00
  -1   376   0    0   1.3696138337E+02   2.0545811294E+01   1.2609969703E+01   3.4956327062E+01   9.9983944998E-01   9.9999830108E-01   6.2831853072E+00
  -1   377   0    0   1.3744954293E+02   2.0634447472E+01   1.2635457183E+01   3.5123429796E+01   9.9983740635E-01   9.9999808505E-01   6.2831853072E+00
  -1   378   0    0   1.3793768026E+02   2.0723308320E+01   1.2660887864E+01   3.5290280364E+01   9.9983528506E-01   9.9999784870E-01   6.2831853072E+00
  -1   379   0    0   1.3842579570E+02   2.0812396329E+01   1.2689171336E+01   3.5466845951E+01   9.9982970800E-01   9.9990454763E-01   6.2831853072E+00
  -1   380   0    0   1.3891388590E+02   2.0901718622E+01   1.2715266221E+01   3.5634187551E+01   9.9982739960E-01   9.9990281740E-01   6.2831853072E+00
  -1   381   0    0   1.3940195098E+02   2.0991278036E+01   1.2741309590E+01   3.5801307402E+01   9.9982500370E-01   9.9990101750E-01   6.2831853072E+00
  -1   382   0    0   1.3988999077E+02   2.1081080554E+01   1.2757916650E+01   3.5990080283E+01   9.9987561483E-01   9.9999577872E-01   6.2831853072E+00
  -1   383   0    0   1.4037800260E+02   2.1171128092E+01   1.2784215577E+01   3.6168359057E+01   9.9987775862E-01   9.9999537274E-01   6.2831853072E+00
  -1   384   0    0   1.4086598607E+02   2.1261427029E+01   1.2810466648E+01   3.6346460602E+01   9.9987994824E-01   9.9999493490E-01   6.2831853072E+00
  -1   385   0    0   1.4135394075E+02   2.1351983463E+01   1.2836702363E+01   3.6498700460E+01   9.9998869640E-01   9.9996920457E-01   6.2831853072E+00
  -1   386   0    0   1.4184186405E+02   2.1442801100E+01   1.2861689193E+01   3.6679166569E+01   9.9998939526E-01   9.9996802144E-01   6.2831853072E+00
  -1   387   0    0   1.4232975515E+02   2.1533886456E+01   1.2886629196E+01   3.6859491278E+01   9.9999009191E-01   9.9996677926E-01   6.2831853072E+00
  -1   388   0    0   1.4281761566E+02   2.1625247369E+01   1.2910304074E+01   3.7001421930E+01   9.9997972353E-01   9.9998965597E-01   6.2831853072E+00
  -1   389   0    0   1.4330543853E+02   2.1716886354E+01   1.2935505956E+01   3.7169312618E+01   9.9997867063E-01   9.9998890011E-01   6.2831853072E+00
  -1   390   0    0   1.4379322489E+02   2.1808811741E+01   1.2961618977E+01   3.7337091615E+01   9.9997755822E-01   9.9998809367E-01   6.2831853072E+00
  -1   391   0    0   1.4428097262E+02   2.1901025910E+01   1.2998645934E+01   3.7552297981E+01   9.9996808865E-01   9.9997665722E-01   6.2831853072E+00
  -1   392   0    0   1.4476868148E+02   2.1993544790E+01   1.3024269191E+01   3.7734867874E+01   9.9996664750E-01   9.9997786029E-01   6.2831853072E+00
  -1   393   0    0   1.4525634884E+02   2.2086371452E+01   1.3049854088E+01   3.7917373648E+01   9.9996512981E-01   9.9997906619E-01   6.2831853072E+00
  -1   394   0    0   1.4574397413E+02   2.2179519608E+01   1.3068079940E+01   3.8111702893E+01   9.9982498533E-01   9.9999965110E-01   6.2831853072E+00
  -1   395   0    0   1.4623155315E+02   2.2272985803E+01   1.3092962772E+01   3.8286687162E+01   9.9982131871E-01   9.9999946922E-01   6.2831853072E+00
  -1   396   0    0   1.4671908481E+02   2.2366784296E+01   1.3117811769E+01   3.8461650873E+01   9.9981750197E-01   9.9999924212E-01   6.2831853072E+00
  -1   397   0    0   1.4720656831E+02   2.2460926580E+01   1.3151475951E+01   3.8653325995E+01   9.9992629971E-01   9.9988121063E-01   6.2831853072E+00
  -1   398   0    0   1.4769399913E+02   2.2555417116E+01   1.3176956417E+01   3.8830700207E+01   9.9992886483E-01   9.9988447331E-01   6.2831853072E+00
  -1   399   0    0   1.4818137575E+02   2.2650268147E+01   1.3202406784E+01   3.9008106003E+01   9.9993146019E-01   9.9988778738E-01   6.2831853072E+00
  -1   400   4   11   1.4866869775E+02   2.2745487398E+01   1.3227764477E+01   3.9196399985E+01   9.9992300559E-01   9.9999774203E-01   6.2831853072E+00
  -1   401   0    0   1.4915595869E+02   2.2841091047E+01   1.3253171301E+01   3.9376062907E+01   9.9992587224E-01   9.9999821042E-01   6.2831853072E+00
  -1   402   0    0   1.4964315744E+02   2.2937087785E+01   1.3278552786E+01   3.9555815133E+01   9.9992876984E-01   9.9999863625E-01   6.2831853072E+00
  -1   403   0    0   1.5013029626E+02   2.3033489244E+01   1.3292430519E+01   3.9720063412E+01   9.9985399375E-01   9.9998844556E-01   6.2831853072E+00
  -1   404   0    0   1.5061736185E+02   2.3130308946E+01   1.3318193347E+01   3.9906705487E+01   9.9985832573E-01   9.9998964080E-01   6.2831853072E+00
  -1   405   0    0   1.5110435561E+02   2.3227559567E+01   1.3343933078E+01   4.0093495685E+01   9.9986272424E-01   9.9999080492E-01   6.2831853072E+00
  -1   406   0    0   1.5159127057E+02   2.3325250931E+01   1.3373683979E+01   4.0280263787E+01   9.9989810849E-01   9.9993545847E-01   6.2831853072E+00
  -1   407   0    0   1.5207811013E+02   2.3423406108E+01   1.3399301587E+01   4.0461285743E+01   9.9989406962E-01   9.9993860250E-01   6.2831853072E+00
  -1   408   0    0   1.5256486645E+02   2.3522036472E+01   1.3424902094E+01   4.0642540640E+01   9.9988982022E-01   9.9994176408E-01   6.2831853072E+00
  -1   409   0    0   1.5305153637E+02   2.3621170765E+01   1.3454639426E+01   4.0796443082E+01   9.9998221445E-01   9.9999299120E-01   6.2831853072E+00
  -1   410   0    0   1.5353811336E+02   2.3720801884E+01   1.3480059894E+01   4.0988483938E+01   9.9998033034E-01   9.9999409677E-01   6.2831853072E+00
  -1   411   0    0   1.5402459286E+02   2.3820960298E+01   1.3505471155E+01   4.1180820404E+01   9.9997828537E-01   9.9999513882E-01   6.2831853072E+00
  -1   412   0    0   1.5451097325E+02   2.3921654686E+01   1.3516684172E+01   4.1395758332E+01   9.9995223126E-01   9.9999908197E-01   6.2831853072E+00
  -1   413   0    0   1.5499724238E+02   2.4022927243E+01   1.3541362422E+01   4.1586870664E+01   9.9995549050E-01   9.9999948420E-01   6.2831853072E+00
  -1   414   0    0   1.5548339679E+02   2.4124789161E+01   1.3566047056E+01   4.1778380628E+01   9.9995873812E-01   9.9999977892E-01   6.2831853072E+00
  -1   415   0    0   1.5596942558E+02   2.4227258528E+01   1.3606882311E+01   4.1958665392E+01   9.9973430670E-01   9.9997023714E-01   6.2831853072E+00
  -1   416   0    0   1.5645533082E+02   2.4330370823E+01   1.3632104991E+01   4.2152545749E+01   9.9974288262E-01   9.9996727278E-01   6.2831853072E+00
  -1   417   0    0   1.5694109991E+02   2.4434147200E+01   1.3657337368E+01   4.2346933695E+01   9.9975160892E-01   9.9996405711E-01   6.2831853072E+00
  -1   418   0    0   1.5742671934E+02   2.4538615025E+01   1.3679248756E+01   4.2500333378E+01   9.9989455565E-01   9.9988405324E-01   6.2831853072E+00
  -1   419   0    0   1.5791219053E+02   2.4643806548E+01   1.3704832289E+01   4.2699023463E+01   9.9988842466E-01   9.9987762839E-01   6.2831853072E+00
  -1   420   0    0   1.5839749802E+02   2.4749753239E+01   1.3730426304E+01   4.2898330165E+01   9.9988188815E-01   9.9987078733E-01   6.2831853072E+00
  -1   421   0    0   1.5888263173E+02   2.4856490314E+01   1.3755465343E+01   4.3082553738E+01   9.9983291427E-01   9.9986821636E-01   6.2831853072E+00
  -1  -422   0    0   1.5936757845E+02   2.4964054686E+01   1.3781101556E+01   4.3284122695E+01   9.9982432360E-01   9.9987564251E-01   6.2831853072E+00
  -1  -423   0    0   1.5985232565E+02   2.5072487123E+01   1.3806760715E+01   4.3486491750E+01   9.9981517685E-01   9.9988312459E-01   6.2831853072E+00
  -1  -424   0    0   1.6033685776E+02   2.5181832677E+01   1.3829002568E+01   4.3710913721E+01   9.9999675057E-01   9.9999973195E-01   6.2831853072E+00
  -1  -425   0    0   1.6082116148E+02   2.5292136176E+01   1.3854291053E+01   4.3907807662E+01   9.9999528846E-01   9.9999921547E-01   6.2831853072E+00
  -1  -426   0    0   1.6130521767E+02   2.5403450327E+01   1.3879632617E+01   4.4105753873E+01   9.9999347952E-01   9.9999839050E-01   6.2831853072E+00
  -1  -427   0    0   1.6178901028E+02   2.5515833945E+01   1.3913051504E+01   4.4327960233E+01   9.9997415319E-01   9.9999624660E-01   6.2831853072E+00
  -1  -428   0    0   1.6227251078E+02   2.5629342908E+01   1.3938775838E+01   4.4532824703E+01   9.9997820723E-01   9.9999768454E-01   6.2831853072E+00
  -1  -429   0    0   1.6275569771E+02   2.5744046934E+01   1.3964557426E+01   4.4738952351E+01   9.9998206900E-01   9.9999881650E-01   6.2831853072E+00
  -1  -430   0    0   1.6323854448E+02   2.5860018129E+01   1.3985321751E+01   4.4911226411E+01   9.9988788807E-01   9.9995873068E-01   6.2831853072E+00
  -1  -431   0    0   1.6372101826E+02   2.5977341419E+01   1.4011089824E+01   4.5115910901E+01   9.9989769873E-01   9.9996459479E-01   6.2831853072E+00
  -1  -432   0    0   1.6420308419E+02   2.6096105291E+01   1.4036951140E+01   4.5322275108E+01   9.9990749096E-01   9.9997025418E-01   6.2831853072E+00
  -1  -433   0    0   1.6468470118E+02   2.6216410372E+01   1.4065348652E+01   4.5510125912E+01   9.9979088554E-01   9.9996022359E-01   6.2831853072E+00
  -1  -434   0    0   1.6516582367E+02   2.6338368641E+01   1.4091458086E+01   4.5719412256E+01   9.9980639381E-01   9.9996681911E-01   6.2831853072E+00
  -1  -435   0    0   1.6564639695E+02   2.6462106474E+01   1.4117687102E+01   4.5930881990E+01   9.9982206453E-01   9.9997311304E-01   6.2831853072E+00
  -1  -436   0    0   1.6612636018E+02   2.6587767106E+01   1.4146681651E+01   4.6173674998E+01   9.9999970073E-01   9.9995295752E-01   6.2831853072E+00
  -1  -437   0    0   1.6660563471E+02   2.6715511729E+01   1.4173203140E+01   4.6391198447E+01   9.9999999104E-01   9.9996132886E-01   6.2831853072E+00
  -1  -438   0    0   1.6708413435E+02   2.6845526626E+01   1.4199873357E+01   4.6611561405E+01   9.9999940532E-01   9.9996929796E-01   6.2831853072E+00
  -1  -439   0    0   1.6756175439E+02   2.6978025731E+01   1.4225283909E+01   4.6830707990E+01   9.9999496841E-01   9.9998984211E-01   6.2831853072E+00
  -1  -440   0    0   1.6803836544E+02   2.7113259774E+01   1.4252318031E+01   4.7057542959E+01   9.9999094772E-01   9.9999413607E-01   6.2831853072E+00
  -1  -441   0    0   1.6851381104E+02   2.7251521516E+01   1.4279565157E+01   4.7288256286E+01   9.9998535951E-01   9.9999742731E-01   6.2831853072E+00
  -1  -442   0    0   1.6898789817E+02   2.7393160103E+01   1.4308686191E+01   4.7545367038E+01   9.9997830969E-01   9.9996923897E-01   6.2831853072E+00
  -1  -443   0    0   1.6946037433E+02   2.7538593619E+01   1.4336359851E+01   4.7785870270E+01   9.9996863064E-01   9.9997881506E-01   6.2831853072E+00
  -1  -444   0    0   1.6993092222E+02   2.7688334122E+01   1.4364310789E+01   4.8031897291E+01   9.9995615165E-01   9.9998717121E-01   6.2831853072E+00
  -1  -445   0    0   1.7039912327E+02   2.7843015846E+01   1.4387081165E+01   4.8292275522E+01   9.9998414970E-01   9.9996411786E-01   6.2831853072E+00
  -1  -446   0    0   1.7086440223E+02   2.8003443124E+01   1.4416029209E+01   4.8554674310E+01   9.9997296306E-01   9.9994803566E-01   6.2831853072E+00
  -1  -447   0    0   1.7132596357E+02   2.8170655267E+01   1.4445465539E+01   4.8824446092E+01   9.9995713299E-01   9.9992679132E-01   6.2831853072E+00
  -1  -448   0    0   1.7178265164E+02   2.8346036452E+01   1.4475786549E+01   4.9114724322E+01   9.9990566218E-01   9.9995205038E-01   6.2831853072E+00
  -1  -449   0    0   1.7223269242E+02   2.8531495537E+01   1.4506441238E+01   4.9404132176E+01   9.9993592692E-01   9.9992547520E-01   6.2831853072E+00
  -1  -450   0    0   1.7267321850E+02   2.8729772332E+01   1.4537890144E+01   4.9706945821E+01   9.9996361524E-01   9.9988752668E-01   6.2831853072E+00
  -1  -451   0    0   1.7309917874E+02   2.8945016634E+01   1.4566877188E+01   5.0066418181E+01   9.9999516634E-01   9.9985566377E-01   6.2831853072E+00
  -1  -452   0    0   1.7350062596E+02   2.9183904286E+01   1.4600941245E+01   5.0412534936E+01   9.9999955049E-01   9.9990426900E-01   6.2831853072E+00
  -1  -453   0    0   1.7385478124E+02   2.9457847870E+01   1.4636389265E+01   5.0791718394E+01   9.9998072248E-01   9.9996322753E-01   6.2831853072E+00
  -1  -454   0    0   1.7409866125E+02   2.9785001754E+01   1.4665249941E+01   5.1252765700E+01   9.9983636726E-01   9.9998852982E-01   6.2831853072E+00
  -1  -455   5   12   1.7413183131E+02   2.9946639278E+01   1.4681039341E+01   5.1451011906E+01   9.9981730981E-01   9.9995961330E-01   6.2831853072E+00
  -1   456   0    0   1.7399754604E+02   3.0246915674E+01   1.4703106089E+01   5.1782558774E+01   9.9995007884E-01   9.9993307552E-01   6.2831853072E+00
  -1   457   0    0   1.7367410463E+02   3.0474022612E+01   1.4707868822E+01   5.2032796657E+01   9.9999682136E-01   9.9986168763E-01   6.2831853072E+00
  -1   458   0    0   1.7329490068E+02   3.0630976625E+01   1.4722755160E+01   5.2157176207E+01   9.9995434548E-01   9.9995393991E-01   6.2831853072E+00
  -1   459   0    0   1.7288757949E+02   3.0750750378E+01   1.4730834970E+01   5.2227061943E+01   9.9987443257E-01   9.9999453462E-01   6.2831853072E+00
  -1   460   0    0   1.7246284914E+02   3.0846373357E+01   1.4723025362E+01   5.2265051965E+01   9.9980637322E-01   9.9991669407E-01   6.2831853072E+00
  -1   461   0    0   1.7202673698E+02   3.0924482558E+01   1.4734135333E+01   5.2272681925E+01   9.9989944002E-01   9.9984704395E-01   6.2831853072E+00
  -1   462   0    0   1.7158268211E+02   3.0989112962E+01   1.4742124587E+01   5.2259109162E+01   9.9996011644E-01   9.9992509160E-01   6.2831853072E+00
  -1   463   0    0   1.7113281529E+02   3.1042939048E+01   1.4759220754E+01   5.2255374485E+01   9.9997438298E-01   9.9996775711E-01   6.2831853072E+00
  -1   464   0    0   1.7067856721E+02   3.1087782521E+01   1.4759132274E+01   5.2213369730E+01   9.9999746235E-01   9.9991634027E-01   6.2831853072E+00
  -1   465   0    0   1.7022088742E+02   3.1125014696E+01   1.4757277571E+01   5.2171689397E+01   9.9999680767E-01   9.9993547656E-01   6.2831853072E+00
  -1   466   0    0   1.6976046311E+02   3.1155640725E+01   1.4752750377E+01   5.2217612349E+01   9.9991242182E-01   9.9993107826E-01   6.2831853072E+00
  -1   467   0    0   1.6929780537E+02   3.1180478872E+01   1.4750862374E+01   5.2178607194E+01   9.9984117899E-01   9.9986668921E-01   6.2831853072E+00
  -1   468   0    0   1.6883329707E+02   3.1200138159E+01   1.4747642640E+01   5.2129794005E+01   9.9986879160E-01   9.9991602040E-01   6.2831853072E+00
  -1   469   0    0   1.6836722968E+02   3.1215143093E+01   1.4731008633E+01   5.1992717723E+01   9.9999067339E-01   9.9998510082E-01   6.2831853072E+00
  -1   470   0    0   1.6789985006E+02   3.1225860241E+01   1.4721995499E+01   5.1944223823E+01   9.9996204498E-01   9.9995146434E-01   6.2831853072E+00
  -1   471   0    0   1.6743134313E+02   3.1232652665E+01   1.4711989635E+01   5.1887750124E+01   9.9991474799E-01   9.9989921486E-01   6.2831853072E+00
  -1   472   0    0   1.6696186220E+02   3.1235777298E+01   1.4704530073E+01   5.1855728113E+01   9.9987795027E-01   9.9999999995E-01   6.2831853072E+00
  -1   473   0    0   1.6649153444E+02   3.1235532760E+01   1.4700989951E+01   5.1771037320E+01   9.9993548459E-01   9.9999086797E-01   6.2831853072E+00
  -1   474   0    0   1.6602046841E+02   3.1232096847E+01   1.4696488208E+01   5.1679656382E+01   9.9997459365E-01   9.9996383637E-01   6.2831853072E+00
  -1   475   0    0   1.6554876145E+02   3.1225654348E+01   1.4688834588E+01   5.1592202485E+01   9.9999445716E-01   9.9989415205E-01   6.2831853072E+00
  -1   476   0    0   1.6507647202E+02   3.1216343217E+01   1.4682827258E+01   5.1491865984E+01   9.9999964369E-01   9.9994571223E-01   6.2831853072E+00
  -1   477   0    0   1.6460367784E+02   3.1204305225E+01   1.4675970491E+01   5.1385606700E+01   9.9998753439E-01   9.9998033735E-01   6.2831853072E+00
  -1   478   0    0   1.6413044140E+02   3.1189664337E+01   1.4673201875E+01   5.1297607822E+01   9.9998821182E-01   9.9996144269E-01   6.2831853072E+00
  -1   479   0    0   1.6365679852E+02   3.1172509619E+01   1.4662958596E+01   5.1194955025E+01   9.9999971918E-01   9.9991695492E-01   6.2831853072E+00
  -1   480   0    0   1.6318280258E+02   3.1152938477E+01   1.4651967272E+01   5.1086853186E+01   9.9999442913E-01   9.9991070884E-01   6.2831853072E+00
  -1   481   0    0   1.6270848750E+02   3.1131038755E+01   1.4636431293E+01   5.0974482992E+01   9.9992288464E-01   9.9998110672E-01   6.2831853072E+00
  -1   482   0    0   1.6223389327E+02   3.1106866543E+01   1.4626774348E+01   5.0857463598E+01   9.9986432933E-01   9.9999780862E-01   6.2831853072E+00
  -1   483   0    0   1.6175905142E+02   3.1080493126E+01   1.4616396474E+01   5.0735418868E+01   9.9989934233E-01   9.9999810884E-01   6.2831853072E+00
  -1   484   0    0   1.6128399338E+02   3.1051975173E+01   1.4599006809E+01   5.0619130284E+01   9.9999875831E-01   9.9999566081E-01   6.2831853072E+00
  -1   485   0    0   1.6080873365E+02   3.1021363415E+01   1.4588579233E+01   5.0493926267E+01   9.9999703675E-01   9.9997580570E-01   6.2831853072E+00
  -1   486   0    0   1.6033330130E+02   3.0988703353E+01   1.4577462425E+01   5.0364001299E+01   9.9997931684E-01   9.9994001161E-01   6.2831853072E+00
  -1   487   0    0   1.5985772484E+02   3.0954029046E+01   1.4567861859E+01   5.0236781840E+01   9.9996135045E-01   9.9995334744E-01   6.2831853072E+00
  -1   488   0    0   1.5938200803E+02   3.0917390743E+01   1.4553917408E+01   5.0104871650E+01   9.9991853419E-01   9.9998382928E-01   6.2831853072E+00
  -1   489   0    0   1.5890617751E+02   3.0878814807E+01   1.4539337308E+01   4.9968481912E+01   9.9986013656E-01   9.9999850997E-01   6.2831853072E+00
  -1   490   0    0   1.5843025514E+02   3.0838326540E+01   1.4522782093E+01   4.9781600635E+01   9.9989680127E-01   9.9993294772E-01   6.2831853072E+00
  -1   491   0    0   1.5795424486E+02   3.0795961870E+01   1.4506671032E+01   4.9653544870E+01   9.9987126742E-01   9.9989614202E-01   6.2831853072E+00
  -1   492   0    0   1.5747816774E+02   3.0751740516E+01   1.4489959585E+01   4.9521135953E+01   9.9992655747E-01   9.9994501952E-01   6.2831853072E+00
  -1   493   0    0   1.5700204238E+02   3.0705681406E+01   1.4481475389E+01   4.9357536000E+01   9.9990602874E-01   9.9999217437E-01   6.2831853072E+00
  -1   494   0    0   1.5652586983E+02   3.0657810169E+01   1.4465320904E+01   4.9196435512E+01   9.9995192315E-01   9.9999999860E-01   6.2831853072E+00
  -1   495   0    0   1.5604967116E+02   3.0608142086E+01   1.4448571565E+01   4.9031398759E+01   9.9998251340E-01   9.9999262977E-01   6.2831853072E+00
  -1   496   0    0   1.5557346653E+02   3.0556702519E+01   1.4421560217E+01   4.8938319167E+01   9.9993960270E-01   9.9991240730E-01   6.2831853072E+00
  -1   497   0    0   1.5509723905E+02   3.0503487134E+01   1.4407606097E+01   4.8775848495E+01   9.9988959946E-01   9.9995612941E-01   6.2831853072E+00
  -1   498   0    0   1.5462102724E+02   3.0448520011E+01   1.4393033876E+01   4.8609563952E+01   9.9993058499E-01   9.9998481853E-01   6.2831853072E+00
  -1   499   0    0   1.5414482976E+02   3.0391807031E+01   1.4382157144E+01   4.8471869255E+01   9.9999997986E-01   9.9992618586E-01   6.2831853072E+00
  -1   500   9   13   1.5366865958E+02   3.0333368443E+01   1.4365551562E+01   4.8314358227E+01   9.9999340581E-01   9.9996540483E-01   6.2831853072E+00
