0;0.243144045;0.002404977;0.008257538;-2.094906592;0;1
0.002929437;0.243136405;-0.003731932;-0.013473572;-2.094875367;0.006375005;0.999979679
0.005858873;0.243065107;-0.009868394;-0.035202872;-2.094600884;0.012749751;0.999918719
0.00878831;0.24293016;-0.016003696;-0.056927508;-2.094083181;0.019123979;0.99981712
0.011717746;0.242731583;-0.022137124;-0.078644626;-2.09332233;0.02549743;0.999674888
0.014464116;0.242487648;-0.027884928;-0.098995228;-2.09238829;0.031471653;0.999504645
0.017210485;0.242187838;-0.033629872;-0.119334365;-2.091240752;0.037444753;0.999298699
0.019956855;0.241832188;-0.039371373;-0.139659686;-2.089879855;0.043416515;0.999057059
0.022703225;0.241420739;-0.045108843;-0.159968846;-2.088305767;0.049386726;0.998779731
0.025868629;0.240877355;-0.05171596;-0.183353627;-2.086227297;0.056265656;0.998415833
0.029034034;0.240259992;-0.058316051;-0.206710237;-2.083866215;0.063141917;0.998004558
0.032199438;0.239568745;-0.064908221;-0.230035095;-2.081222904;0.070015181;0.997545926
0.035364843;0.238803721;-0.071491578;-0.253324623;-2.078297798;0.076885123;0.997039958
0.038836353;0.237880031;-0.078700379;-0.278821477;-2.0747664;0.084415207;0.996430666
0.042307864;0.236867917;-0.085896335;-0.304266842;-2.070897338;0.091940472;0.995764505
0.045779375;0.235767565;-0.093078273;-0.329656028;-2.06669137;0.099460491;0.995041512
0.049250885;0.234579179;-0.100245027;-0.354984354;-2.062149322;0.106974832;0.994261729
0.052968081;0.233209337;-0.10790083;-0.382032447;-2.056914238;0.115014199;0.993363848
0.056685278;0.2317391;-0.115536461;-0.408999695;-2.051296022;0.123046039;0.992400963
0.060402474;0.230168779;-0.123150497;-0.435880402;-2.045295937;0.131069828;0.991373139
0.06411967;0.228498708;-0.130741522;-0.46266889;-2.038915334;0.13908504;0.990280441
0.068045382;0.226627044;-0.13873182;-0.490853698;-2.031765269;0.147539971;0.989056094
0.071971094;0.224644959;-0.146693221;-0.518922708;-2.024194194;0.155984134;0.987759561
0.075896805;0.222552922;-0.154624077;-0.546869316;-2.016204013;0.164416912;0.986390936
0.079822517;0.220351426;-0.162522746;-0.574686948;-2.007796729;0.17283769;0.98495032
0.083932153;0.21793008;-0.170755217;-0.603662572;-1.998550979;0.181639468;0.983365194
0.088041789;0.215389972;-0.178948761;-0.632482217;-1.988852987;0.190426717;0.981701414
0.092151425;0.21273176;-0.187101525;-0.661138459;-1.97870542;0.199198734;0.979959114
0.096261061;0.209956129;-0.195211667;-0.689623926;-1.968111071;0.20795482;0.978138432
0.100537829;0.206943712;-0.203604408;-0.719078624;-1.956614601;0.217049328;0.976160637
0.104814597;0.203805751;-0.21194696;-0.748332233;-1.944640857;0.226125035;0.974098285
0.109091365;0.200543124;-0.220237288;-0.777376608;-1.932193407;0.235181155;0.971951555
0.113368132;0.197156743;-0.228473374;-0.806203673;-1.919275963;0.244216903;0.969720632
0.117800616;0.19351748;-0.236949958;-0.835842442;-1.905396338;0.253559306;0.967319843
0.1222331;0.189747397;-0.245363918;-0.865230334;-1.891020456;0.262878117;0.96482905
0.126665584;0.185847625;-0.253713066;-0.894358585;-1.876152921;0.272172468;0.962248485
0.131098067;0.181819334;-0.261995233;-0.923218517;-1.860798496;0.281441496;0.959578389
0.135678914;0.17752245;-0.270481955;-0.952753372;-1.844423754;0.290993247;0.956725107
0.14025976;0.173090967;-0.278892499;-0.981983086;-1.827539844;0.30051608;0.953776748
0.144840606;0.168526303;-0.287224544;-1.010898379;-1.810152548;0.310009048;0.950733606
0.149421452;0.163829921;-0.2954758;-1.039490086;-1.792267815;0.319471209;0.947595983
0.154146684;0.158849091;-0.303900084;-1.068634359;-1.773304649;0.329198337;0.944260798
0.158871917;0.153731402;-0.31223354;-1.097414879;-1.753825624;0.338890655;0.940825767
0.163597149;0.148478598;-0.320473749;-1.125821969;-1.733837839;0.348547139;0.937291252
0.168322381;0.143092465;-0.328618323;-1.153846094;-1.713348581;0.358166768;0.933657628
0.173089922;0.137524843;-0.336736508;-1.181723469;-1.692175229;0.367834142;0.929891415
0.177857463;0.131825285;-0.344752566;-1.209191924;-1.670506846;0.377461922;0.926025106
0.182625003;0.125995764;-0.352664153;-1.236242113;-1.648351479;0.387049071;0.922059118
0.187392544;0.120038295;-0.36046897;-1.262864852;-1.625717351;0.396594556;0.917993877
0.191930807;0.114250346;-0.367797181;-1.287801906;-1.603734632;0.405641341;0.914032331
0.19646907;0.108350138;-0.375024676;-1.312335807;-1.581333109;0.41464856;0.909981632
0.201007333;0.102339517;-0.38214957;-1.336459049;-1.55852032;0.423615336;0.905842176
0.205545596;0.096220365;-0.389170015;-1.360164268;-1.535303945;0.432540792;0.901614365
0.209842391;0.090328503;-0.395719019;-1.38221641;-1.512957972;0.440952484;0.897530449
0.214139186;0.084342718;-0.402171258;-1.403881344;-1.490263969;0.449325621;0.893368058
0.218435982;0.078264685;-0.408525249;-1.425153182;-1.467228787;0.457659471;0.889127555
0.222732777;0.072096107;-0.414779542;-1.446026158;-1.443859381;0.465953305;0.884809311
0.226778484;0.066206779;-0.420575955;-1.465309755;-1.421556417;0.473725253;0.880672689
0.23082419;0.060240169;-0.42628156;-1.48423013;-1.398969376;0.481460481;0.876467801
0.234869897;0.054197755;-0.43189522;-1.502782773;-1.376104306;0.489158388;0.872194973
0.238915604;0.048081034;-0.437415822;-1.520963277;-1.352967329;0.496818378;0.867854538
0.242684651;0.042317069;-0.44247422;-1.537561908;-1.331173335;0.503919912;0.863750382
0.246453698;0.036491163;-0.447450048;-1.553830417;-1.309153794;0.510987544;0.859588116
0.250222744;0.030604569;-0.452342467;-1.569765484;-1.286913826;0.518020799;0.855368021
0.253991791;0.024658547;-0.457150654;-1.585363866;-1.264458599;0.525019204;0.85109038
0.257430278;0.019183257;-0.461462993;-1.599297847;-1.243789434;0.531373024;0.847137952
0.260868765;0.013660544;-0.465703966;-1.612946639;-1.222949457;0.537697091;0.84313809
0.264307252;0.008091394;-0.469872994;-1.626307959;-1.201942703;0.543991051;0.839091018
0.267745739;0.002476799;-0.473969509;-1.63937958;-1.180773237;0.550254551;0.834996964
0.270727973;-0.002428822;-0.477463311;-1.650480459;-1.16228416;0.55566201;0.831408282
0.273710207;-0.007367219;-0.480901799;-1.661360409;-1.14367846;0.561046065;0.827784581
0.276692441;-0.012337732;-0.484284631;-1.672018085;-1.124958846;0.566406489;0.824126015
0.279674675;-0.017339695;-0.48761147;-1.682452173;-1.106128044;0.571743057;0.820432737
0.282434367;-0.021995837;-0.490639886;-1.691907351;-1.088605774;0.576659949;0.816984274
0.285194059;-0.026677804;-0.49361982;-1.701168984;-1.070992824;0.581556041;0.813506343
0.287953751;-0.031385063;-0.496551025;-1.710236112;-1.05329139;0.586431159;0.809999072
0.290713444;-0.036117074;-0.49943326;-1.719107797;-1.035503679;0.591285125;0.806462585
0.293892369;-0.041597916;-0.502692346;-1.72908379;-1.014909736;0.59685003;0.802352817
0.297071295;-0.047110055;-0.505885791;-1.73879789;-0.994207662;0.60238637;0.798204649
0.300250221;-0.052652657;-0.509013259;-1.748248791;-0.973400883;0.607893881;0.79401828
0.303429147;-0.058224882;-0.512074423;-1.757435234;-0.952492841;0.6133723;0.789793911
0.306912496;-0.064363736;-0.515352224;-1.767196301;-0.929470409;0.619341632;0.78512161
0.310395846;-0.070536033;-0.518549632;-1.77663684;-0.906335117;0.625275375;0.780404194
0.313879195;-0.076740655;-0.521666261;-1.785755383;-0.883091562;0.631173187;0.775641933
0.317362544;-0.082976477;-0.524701744;-1.794550528;-0.859744359;0.637034731;0.7708351
0.321085916;-0.089675206;-0.527856263;-1.803592611;-0.834679036;0.643259683;0.765648079
0.324809289;-0.096406908;-0.530917252;-1.812262125;-0.809506274;0.649442402;0.760410788
0.328532661;-0.103170195;-0.533884323;-1.820557614;-0.784231786;0.655582482;0.755123572
0.332256033;-0.10996367;-0.536757107;-1.828477712;-0.758861303;0.661679519;0.749786779
0.336179509;-0.117153368;-0.539681876;-1.836415856;-0.73202981;0.668057212;0.744109912
0.340102985;-0.124373389;-0.542501188;-1.84393437;-0.705104874;0.674386203;0.738378798
0.344026462;-0.131622083;-0.545214687;-1.85103198;-0.678093276;0.68066603;0.732593855
0.347949938;-0.138897797;-0.547822049;-1.857707522;-0.651001813;0.686896235;0.726755504
0.352046767;-0.146522019;-0.550431012;-1.864226422;-0.622635502;0.693348261;0.720602657
0.356143597;-0.154172;-0.552923613;-1.87028292;-0.59419733;0.699745176;0.714392531
0.360240426;-0.161845845;-0.555299575;-1.875876083;-0.5656951;0.706086471;0.708125621
0.364337255;-0.169541654;-0.557558649;-1.881005112;-0.537136625;0.712371642;0.701802425
0.368483553;-0.177350807;-0.55972577;-1.885722822;-0.508184046;0.71867505;0.695346081
0.372629851;-0.185178533;-0.561772757;-1.889963895;-0.479190003;0.724919945;0.688833124
0.376776149;-0.193022855;-0.563699453;-1.893727926;-0.450162633;0.73110582;0.682264084
0.380922447;-0.200881793;-0.565505739;-1.897014651;-0.421110078;0.737232169;0.675639496
0.384903924;-0.20844025;-0.567126814;-1.899721389;-0.393196258;0.743058503;0.669226464
0.388885402;-0.216008606;-0.568636732;-1.901987919;-0.365273942;0.748829054;0.662763191
0.39286688;-0.22358511;-0.570035472;-1.903814379;-0.337350343;0.754543387;0.656250163
0.396848357;-0.231168011;-0.571323045;-1.905201027;-0.309432673;0.760201075;0.649687868
0.400636439;-0.23838692;-0.572444911;-1.906112382;-0.282883154;0.765530974;0.643399043
0.404424521;-0.245608529;-0.573466237;-1.906626388;-0.256351724;0.770808849;0.637066495
0.408212603;-0.252831333;-0.574387104;-1.906743573;-0.229844577;0.776034342;0.630690653
0.412000685;-0.260053831;-0.575207616;-1.906464567;-0.203367895;0.781207098;0.624271952
0.415562024;-0.26684239;-0.575887602;-1.905841581;-0.178509332;0.786021817;0.618198757
0.419123362;-0.27362811;-0.576479125;-1.904869739;-0.153688273;0.790789324;0.612088429
0.4226847;-0.280409748;-0.576982325;-1.903549804;-0.128909826;0.795509331;0.605941337
0.426246039;-0.287186067;-0.577397364;-1.901882613;-0.10417909;0.800181557;0.599757848
0.429523344;-0.293416183;-0.577701561;-1.900042358;-0.081467266;0.804438692;0.594035682
0.43280065;-0.299639787;-0.577931404;-1.897909575;-0.058804102;0.808654908;0.588283299
0.436077956;-0.305855924;-0.578087057;-1.895485089;-0.036193539;0.81282999;0.582500993
0.439355262;-0.312063638;-0.5781687;-1.892769783;-0.013639505;0.816963727;0.576689057
0.442226883;-0.317495252;-0.578179553;-1.890152278;0.006073108;0.820551615;0.571572434
0.445098505;-0.322919031;-0.578133868;-1.887312877;0.025736687;0.824107458;0.566433489
0.447970127;-0.328334338;-0.57803179;-1.884252274;0.045348616;0.827631117;0.561272424
0.450841749;-0.33374054;-0.577873471;-1.880971197;0.064906285;0.831122456;0.556089439
0.453460133;-0.338661518;-0.577680229;-1.877787941;0.082689743;0.834277619;0.551344588
0.456078518;-0.343573922;-0.577440487;-1.874422613;0.100423964;0.837405694;0.546581836
0.458696902;-0.348477277;-0.577154377;-1.870875833;0.11810699;0.84050658;0.541801337
0.461315286;-0.353371108;-0.576822035;-1.867148244;0.13573687;0.843580176;0.537003247
0.464357865;-0.359045182;-0.576377966;-1.862590522;0.156153571;0.847117301;0.531405945
0.467400445;-0.36470502;-0.575871894;-1.857790638;0.176492854;0.850617288;0.525785345
0.470443024;-0.370349887;-0.57530406;-1.852749711;0.196751695;0.854079983;0.520141695
0.473485603;-0.375979052;-0.574674714;-1.847468898;0.216927088;0.857505234;0.514475241
0.476835528;-0.382157815;-0.573910955;-1.841378617;0.239040409;0.861233;0.508210311
0.480185454;-0.388315693;-0.5730733;-1.83500064;0.261044976;0.864914995;0.501918372
0.483535379;-0.394451726;-0.572162119;-1.828336678;0.282936842;0.868551023;0.495599758
0.486885305;-0.400564959;-0.571177795;-1.821388493;0.304712086;0.872140892;0.489254805
0.490483428;-0.407104645;-0.570039525;-1.813611004;0.327966321;0.875945102;0.482410799
0.494081551;-0.413615763;-0.568817841;-1.805510045;0.351076727;0.879695605;0.475537214
0.497679674;-0.420097155;-0.567513269;-1.797088018;0.374038546;0.883392172;0.468634473
0.501277797;-0.426547669;-0.566126352;-1.788347396;0.396847061;0.887034577;0.461702999
0.505088815;-0.433344906;-0.564568199;-1.778745013;0.420832732;0.890833182;0.454330542
0.508899832;-0.440104879;-0.562918982;-1.768791191;0.444635659;0.894570514;0.446926835
0.512710849;-0.446826252;-0.561179409;-1.758489133;0.468250384;0.898246315;0.439492387
0.516521867;-0.453507705;-0.559350208;-1.747842132;0.491671501;0.901860332;0.43202771
0.520523415;-0.460478803;-0.557333911;-1.736295291;0.516049331;0.905588265;0.424157864
0.524524964;-0.467402949;-0.555220515;-1.724375897;0.540201684;0.909247526;0.416255854
0.528526513;-0.47427866;-0.553010933;-1.712088071;0.564122503;0.912837837;0.408322278
0.532528062;-0.481104471;-0.550706105;-1.699436036;0.587805802;0.916358926;0.400357739
0.536705968;-0.488176295;-0.548199102;-1.685842442;0.612273033;0.919961043;0.392009796
0.540883875;-0.495190516;-0.545590444;-1.671861588;0.636468267;0.923487112;0.383629448
0.545061781;-0.502145526;-0.54288128;-1.657498634;0.660384957;0.926936843;0.375217389
0.549239688;-0.50903974;-0.540072788;-1.642758855;0.684016654;0.93030995;0.366774312
0.553585705;-0.516145167;-0.537047178;-1.627031903;0.708289985;0.933737174;0.357959341
0.557931722;-0.523181383;-0.533916774;-1.610909223;0.732241011;0.937080876;0.34911235
0.562277738;-0.53014668;-0.530682992;-1.594397147;0.755862812;0.940340755;0.340234131
0.566623755;-0.537039381;-0.527347276;-1.577502129;0.779148589;0.943516522;0.331325478
0.571134505;-0.544114803;-0.523778901;-1.559568778;0.802954479;0.946723404;0.322047817
0.575645254;-0.551108431;-0.520103989;-1.541237498;0.826383878;0.94983906;0.312739123
0.580156003;-0.558018488;-0.516324257;-1.522515931;0.849429613;0.952863191;0.303400294
0.584666753;-0.564843231;-0.512441449;-1.503411853;0.872084666;0.955795505;0.29403223
0.58934342;-0.571827105;-0.508308888;-1.483209654;0.8951532;0.958738431;0.284289678
0.594020088;-0.578715575;-0.504069458;-1.462613762;0.917786932;0.961582052;0.274517681
0.598696756;-0.585506822;-0.499725209;-1.441633293;0.939978573;0.964326075;0.264717249
0.603373423;-0.59219907;-0.495278224;-1.420277504;0.961721026;0.966970214;0.254889398
0.608222112;-0.599031095;-0.490561456;-1.397749956;0.983781572;0.969605858;0.24467219
0.6130708;-0.605752959;-0.485738928;-1.374839705;1.005344374;0.972133548;0.23442774
0.617919488;-0.612362832;-0.48081307;-1.351557538;1.026402181;0.974553002;0.22415719
0.622768176;-0.618858937;-0.475786348;-1.327914381;1.046947976;0.976863952;0.213861683
0.627756696;-0.625421832;-0.470512023;-1.303224291;1.06754477;0.979128033;0.203244424
0.632745215;-0.631860661;-0.465136336;-1.278176027;1.087585285;0.981276721;0.192603213
0.637733735;-0.638173669;-0.459662079;-1.25278195;1.107062661;0.983309763;0.181939302
0.642722254;-0.644359161;-0.454092077;-1.227054561;1.125970314;0.98522692;0.17125395
0.647590642;-0.65027119;-0.448566628;-1.201637441;1.1438673;0.98698596;0.160806449
0.65245903;-0.65605876;-0.442955396;-1.175926776;1.161210052;0.988634217;0.150340897
0.657327419;-0.66172047;-0.437261093;-1.149934547;1.177993217;0.990171504;0.139858471
0.662195807;-0.667254978;-0.431486456;-1.123672838;1.194211701;0.991597651;0.129360346
0.666942945;-0.672527933;-0.425780918;-1.097817334;1.209477874;0.992881101;0.119109693
0.671690083;-0.67767759;-0.420004203;-1.071728586;1.224198302;0.994058588;0.108846328
0.676437221;-0.682702869;-0.414158912;-1.045418065;1.23836898;0.995129986;0.098571346
0.681184358;-0.687602744;-0.408247663;-1.018897315;1.251986147;0.996095181;0.088285844
0.685814531;-0.692260158;-0.402421039;-0.992838585;1.264731214;0.996934185;0.078244682
0.690444704;-0.696796498;-0.396536636;-0.966601753;1.276943317;0.997671972;0.068195576
0.695074877;-0.701210966;-0.390596929;-0.940197715;1.288619633;0.998308466;0.058139546
0.69970505;-0.705502813;-0.384604404;-0.913637417;1.299757567;0.998843603;0.048077614
0.70422052;-0.709569569;-0.378711846;-0.887595089;1.310098772;0.999267809;0.038260234
0.70873599;-0.713518439;-0.372773757;-0.861424837;1.319923683;0.999595525;0.028439161
0.713251461;-0.717348868;-0.366792474;-0.835136929;1.32923051;0.99982672;0.018615341
0.717766931;-0.721060349;-0.360770338;-0.808741658;1.338017666;0.99996137;0.008789723
0.722167909;-0.72456282;-0.354863827;-0.782922184;1.346080629;0.99999969;-0.000787585
0.726568888;-0.727951475;-0.348922922;-0.757020104;1.353647536;0.999946284;-0.010364822
0.730969866;-0.731225971;-0.342949809;-0.731045009;1.360717483;0.999801156;-0.019941108
0.735370845;-0.734386008;-0.336946676;-0.705006498;1.367289754;0.999564321;-0.029515565
0.739655489;-0.737352308;-0.331075474;-0.679604506;1.37320967;0.999245663;-0.03883434
0.743940133;-0.740209676;-0.32517992;-0.654160385;1.378657048;0.998840129;-0.048149739
0.748224778;-0.74295795;-0.319262039;-0.628683009;1.383631736;0.998347755;-0.057460951
0.752509422;-0.745597007;-0.313323855;-0.603181242;1.388133747;0.997768583;-0.066767168
0.756673653;-0.74805716;-0.307535023;-0.578381203;1.392056473;0.997122563;-0.075806293
0.760837884;-0.750414024;-0.301730785;-0.553574624;1.395533209;0.996394656;-0.084839193
0.765002115;-0.752667588;-0.295912996;-0.528769623;1.398564423;0.995584923;-0.093865125
0.769166346;-0.754817875;-0.290083512;-0.5039743;1.401150735;0.994693428;-0.102883348
0.773203431;-0.756803967;-0.284422602;-0.47995293;1.403234067;0.993751169;-0.111618159
0.777240515;-0.758693128;-0.278754123;-0.455955605;1.4049008;0.992732208;-0.120344355
0.7812776;-0.760485472;-0.273079755;-0.431989656;1.406151897;0.991636622;-0.129061262
0.785314684;-0.762181138;-0.267401173;-0.408062388;1.406988449;0.990464498;-0.137768208
0.789214468;-0.763727494;-0.261913287;-0.384992449;1.407404059;0.989259643;-0.146168942
0.793114252;-0.765183977;-0.256424529;-0.361971945;1.407435199;0.987983537;-0.154559149
0.797014036;-0.766550792;-0.250936398;-0.33900739;1.407083195;0.986636273;-0.162938223
0.80091382;-0.767828169;-0.245450384;-0.316105275;1.406349489;0.985217948;-0.171305562
0.804661364;-0.76897165;-0.24018191;-0.29416205;1.405286223;0.983788131;-0.179334638
0.808408908;-0.770033026;-0.234918077;-0.272288155;1.40387338;0.982292883;-0.187351787
0.812156452;-0.771012568;-0.229660191;-0.250489268;1.402112524;0.980732302;-0.195356475
0.815903996;-0.771910566;-0.224409553;-0.228771035;1.400005317;0.979106491;-0.20334817
0.819477026;-0.772691098;-0.219411362;-0.208144427;1.397675308;0.977495747;-0.210955123
0.823050055;-0.773398078;-0.214422054;-0.187601082;1.395033644;0.975825904;-0.218549321
0.826623085;-0.774031811;-0.209442739;-0.167145811;1.392081997;0.974097061;-0.226130306
0.830196114;-0.774592622;-0.204474522;-0.146783396;1.388822114;0.972309325;-0.233697619
0.833559739;-0.775054233;-0.199808601;-0.127703468;1.385473249;0.970572641;-0.240808531
0.836923364;-0.775451817;-0.195154399;-0.108713979;1.381854415;0.968783953;-0.247906541
0.840286989;-0.775785685;-0.190512821;-0.089818841;1.377967251;0.966943356;-0.254991267
0.843650614;-0.776056161;-0.185884768;-0.071021939;1.373813454;0.965050949;-0.262062331
0.846744219;-0.77624925;-0.181640946;-0.053824027;1.369759229;0.963264807;-0.268553367
0.849837823;-0.776389273;-0.177410011;-0.036715454;1.365482351;0.961435007;-0.27503223
0.852931428;-0.776476511;-0.173192649;-0.019699179;1.360984265;0.95956163;-0.281498628
0.856025032;-0.776511255;-0.168989544;-0.002778139;1.356266459;0.957644763;-0.287952267
0.858715943;-0.776499018;-0.165345675;0.011860579;1.351985274;0.955942114;-0.293555234
0.861406853;-0.776447491;-0.161713548;0.026423131;1.347540029;0.954206683;-0.299148134
0.864097764;-0.776356883;-0.158093602;0.040907628;1.342931777;0.95243853;-0.304730776
0.866788674;-0.776227405;-0.154486275;0.055312191;1.338161588;0.950637716;-0.310302968
0.869364364;-0.776067264;-0.151045629;0.069023378;1.333444981;0.948883474;-0.315626602
0.871940053;-0.775871906;-0.14761732;0.082658;1.32858199;0.94709942;-0.32094032
0.874515743;-0.775641529;-0.144201724;0.096214446;1.323573614;0.945285609;-0.326243954
0.877091432;-0.775376337;-0.140799214;0.109691119;1.318420868;0.943442099;-0.331537338
0.880062682;-0.775027445;-0.136890905;0.125136301;1.312298811;0.941278657;-0.3376307
0.883033931;-0.774632824;-0.133001068;0.140470803;1.305987626;0.939075861;-0.343709947
0.88600518;-0.774192809;-0.129130261;0.155692233;1.299488959;0.936833802;-0.349774823
0.88897643;-0.773707738;-0.12527904;0.170798224;1.292804487;0.934552575;-0.355825075
0.892241743;-0.773123107;-0.121069909;0.187263317;1.285246189;0.932000514;-0.362456951
0.895507056;-0.772484949;-0.116885817;0.203583083;1.277467858;0.929401392;-0.369070525
0.898772369;-0.771793744;-0.11272748;0.219754478;1.269471845;0.92675534;-0.375665463
0.902037682;-0.77104998;-0.108595605;0.235774496;1.261260544;0.924062491;-0.382241432
0.905546889;-0.770192639;-0.10418541;0.252818934;1.252198697;0.921116494;-0.389287047
0.909056096;-0.769275805;-0.099807441;0.269681472;1.242894094;0.918116777;-0.396309959
0.912565302;-0.76830012;-0.095462546;0.286358523;1.233349865;0.915063516;-0.403309759
0.916074509;-0.767266243;-0.091151559;0.302846552;1.223569197;0.911956889;-0.410286038
0.919798558;-0.766106171;-0.086614648;0.320133401;1.212934753;0.908601901;-0.417663244
0.923522607;-0.764882132;-0.082117823;0.337199357;1.202041618;0.905187238;-0.425013017
0.927246656;-0.763594957;-0.07766204;0.354040392;1.190893795;0.901713122;-0.432334877
0.930970705;-0.762245489;-0.07324824;0.370652549;1.179495348;0.898179783;-0.43962834
0.934892578;-0.76075794;-0.068646382;0.387895438;1.167225005;0.89439498;-0.447278012
0.93881445;-0.759203279;-0.064093176;0.40487572;1.154686178;0.890545028;-0.454895102
0.942736322;-0.757582547;-0.059589663;0.421589032;1.141883838;0.886630206;-0.462479057
0.946658195;-0.755896797;-0.055136869;0.438031099;1.128823026;0.8826508;-0.470029323
0.950529976;-0.754169849;-0.050791676;0.453993011;1.11568048;0.878659151;-0.477449574
0.954401758;-0.752381625;-0.046497839;0.469682551;1.102295989;0.874605123;-0.48483593
0.958273539;-0.750533189;-0.042256283;0.485095874;1.088674605;0.870489004;-0.492187865
0.962145321;-0.748625616;-0.038067918;0.500229225;1.074821438;0.866311086;-0.499504857
0.965864847;-0.746738378;-0.034095175;0.514500389;1.061299556;0.862239536;-0.506500723
0.969584372;-0.74479855;-0.030173109;0.528506619;1.047573174;0.858111493;-0.513463403
0.973303898;-0.742807122;-0.026302471;0.542244827;1.033646978;0.853927226;-0.520392441
0.977023424;-0.740765098;-0.022483997;0.555712009;1.019525704;0.849687011;-0.527287383
0.980544156;-0.738786517;-0.01891831;0.568207087;1.005983763;0.845622126;-0.533781997
0.984064888;-0.73676438;-0.015400594;0.580454299;0.992275414;0.8415076;-0.540245277
0.98758562;-0.734699563;-0.011931429;0.592451297;0.978404783;0.837343675;-0.546676842
0.991106352;-0.732592952;-0.008511378;0.6041958;0.964376032;0.833130595;-0.553076316
0.994343661;-0.730619809;-0.00541046;0.614770132;0.951340671;0.829213507;-0.558931982
0.99758097;-0.728612784;-0.002351947;0.625127444;0.938178453;0.825255262;-0.564759907
1.000818279;-0.726572583;0.000663754;0.635266114;0.924892683;0.821256058;-0.570559801
1.004055588;-0.724499916;0.00363625;0.645184569;0.911486688;0.817216094;-0.576331377
1.006874646;-0.722669144;0.006189215;0.653641024;0.899717391;0.813665036;-0.581333992
1.009693704;-0.720814771;0.00870888;0.661928361;0.88786169;0.810083354;-0.586314727
1.012512762;-0.718937275;0.011195003;0.670045633;0.875921819;0.806471185;-0.591273395
1.015331819;-0.717037137;0.013647351;0.677991924;0.863900023;0.802828663;-0.596209811
1.018410302;-0.714936844;0.016286529;0.686473121;0.850680992;0.798816427;-0.601574863
1.021488784;-0.712810758;0.01888487;0.694748243;0.837369903;0.794768339;-0.606912916
1.024567267;-0.710659516;0.021442094;0.702816212;0.823969722;0.79068458;-0.61222373
1.027645749;-0.708483757;0.023957934;0.710675994;0.810483424;0.786565333;-0.617507066
1.031174172;-0.705960671;0.026790243;0.719427205;0.794923956;0.781800625;-0.623528495
1.034702595;-0.703407195;0.029567466;0.727902196;0.779259807;0.776989821;-0.62951316
1.038231018;-0.700824304;0.032289242;0.736099613;0.763495517;0.772133205;-0.635460709
1.04175944;-0.698212982;0.034955224;0.744018174;0.747635644;0.767231065;-0.641370792
1.045678948;-0.695280088;0.037850888;0.752486019;0.729911384;0.761732557;-0.64789159
1.049598456;-0.692314685;0.040676872;0.760606727;0.712081116;0.756178629;-0.65436525
1.053517964;-0.689318136;0.043432773;0.768378859;0.694151156;0.750569686;-0.660791303
1.057437472;-0.686291808;0.046118212;0.775801088;0.676127838;0.744906136;-0.66716928
1.061716935;-0.682955164;0.048969393;0.783503947;0.65635018;0.738660588;-0.674077544
1.065996399;-0.679586454;0.051735729;0.790786814;0.636477096;0.732350975;-0.680927345
1.070275862;-0.676187479;0.05441683;0.797648422;0.6165169;0.725977844;-0.687718089
1.074555326;-0.672760042;0.05701234;0.804087667;0.596477919;0.719541749;-0.694449185
1.078739455;-0.669383179;0.059466971;0.809974202;0.576817182;0.713188692;-0.700972104
1.082923584;-0.665982535;0.061839212;0.815455345;0.557096913;0.706776504;-0.707436905
1.087107713;-0.662559805;0.06412883;0.82053051;0.537324926;0.700305717;-0.713843052
1.091291842;-0.659116691;0.066335624;0.825199259;0.51750904;0.693776868;-0.720190015
1.095365608;-0.655746428;0.068404477;0.829354107;0.498181092;0.687364957;-0.726312203
1.099439375;-0.652360024;0.070394535;0.833123282;0.478826159;0.680899023;-0.732377307
1.103513142;-0.648959052;0.072305702;0.836506782;0.459451454;0.674379575;-0.738384851
1.107586908;-0.645545081;0.074137914;0.839504735;0.440064182;0.667807125;-0.744334363
1.111544704;-0.642217339;0.075842315;0.842048352;0.421223613;0.661371507;-0.750058484
1.1155025;-0.638880249;0.07747215;0.844228663;0.40238457;0.654886826;-0.755726965
1.119460297;-0.635535248;0.079027438;0.846046144;0.383553633;0.648353564;-0.761339383
1.123418093;-0.63218377;0.080508223;0.847501386;0.364737368;0.641772206;-0.766895323
1.127251986;-0.628932391;0.081871678;0.848566331;0.346530339;0.635351483;-0.772223085
1.131085878;-0.625677578;0.083165377;0.849292772;0.328349164;0.628886533;-0.777497092
1.134919771;-0.622420628;0.08438943;0.849681558;0.310199767;0.622377806;-0.782716977
1.138753664;-0.619162833;0.08554397;0.849733638;0.292088048;0.615825755;-0.787882377
1.142452245;-0.616020423;0.086592033;0.849465773;0.274656774;0.609464318;-0.792813499
1.146150826;-0.612879581;0.087575707;0.84888656;0.257271302;0.603063398;-0.79769326
1.149849407;-0.609741454;0.088495173;0.847997115;0.239936875;0.59662341;-0.802521344
1.153547988;-0.60660719;0.089350629;0.846798645;0.222658711;0.59014477;-0.807297436
1.157094843;-0.603606184;0.090111067;0.845360263;0.206147002;0.583895983;-0.81182848
1.160641699;-0.600610781;0.090813048;0.843640088;0.189696373;0.577612409;-0.816311157
1.164188555;-0.597621977;0.091456796;0.841639403;0.173311361;0.571294423;-0.820745199
1.16773541;-0.594640764;0.092042552;0.839359564;0.156996482;0.5649424;-0.825130344
1.171106217;-0.591815461;0.092545721;0.836935469;0.141560485;0.558874462;-0.829252275
1.174477024;-0.588998749;0.092996978;0.834261814;0.126195719;0.55277645;-0.833329584
1.177847831;-0.586191469;0.093396568;0.831339941;0.110905998;0.546648694;-0.837362052
1.181218638;-0.583394454;0.093744752;0.828171246;0.095695108;0.540491522;-0.841349461
1.18437491;-0.580785496;0.094024413;0.824981752;0.081527119;0.534699849;-0.845042053
1.187531183;-0.578186944;0.094259475;0.821578368;0.067434621;0.528882949;-0.848694778
1.190687456;-0.575599469;0.09445018;0.817962374;0.053420668;0.523041098;-0.852307462
1.193843729;-0.573023742;0.094596781;0.814135093;0.039488293;0.51717457;-0.855879936
1.196716132;-0.57069044;0.094692086;0.810469545;0.026882414;0.511814453;-0.859096017
1.199588535;-0.568367916;0.094751285;0.806631198;0.01434885;0.506434337;-0.862278529
1.202460939;-0.566056664;0.094774589;0.802621141;0.001889844;0.501034434;-0.865427349
1.205333342;-0.563757176;0.094762215;0.798440489;-0.010492379;0.495614952;-0.868542353
1.207752463;-0.561830046;0.094724282;0.794788073;-0.020859423;0.491035666;-0.871139469
1.210171583;-0.559911896;0.094661338;0.791016167;-0.031169125;0.486442771;-0.873712442
1.212590704;-0.558003014;0.094573525;0.787125485;-0.04142018;0.481836394;-0.876261199
1.215009825;-0.556103688;0.094460986;0.783116754;-0.051611292;0.477216663;-0.878785671
1.217576453;-0.554099313;0.094314714;0.77873535;-0.062356841;0.472300785;-0.881437445
1.220143081;-0.552106352;0.094140953;0.774222798;-0.073031938;0.467370171;-0.884061719
1.222709709;-0.550125141;0.093939884;0.769580017;-0.083635066;0.462424977;-0.886658413
1.225276337;-0.548156012;0.093711695;0.764807944;-0.094164721;0.457465356;-0.889227445
1.228185175;-0.545939361;0.093420537;0.759244513;-0.106007595;0.451827221;-0.892105466
1.231094013;-0.543739132;0.093095073;0.753517652;-0.117752022;0.446170981;-0.894947739
1.234002851;-0.541555797;0.092735592;0.747628804;-0.129395865;0.440496862;-0.897754151
1.236911689;-0.539389825;0.092342389;0.741579437;-0.140937006;0.434805091;-0.900524587
1.240082324;-0.537049238;0.091875742;0.734804537;-0.153397416;0.428581218;-0.903503259
1.24325296;-0.534730428;0.091369789;0.727842675;-0.165730625;0.422336941;-0.906438916
1.246423596;-0.532433985;0.090824937;0.720695861;-0.177933974;0.416072557;-0.909331418
1.249594232;-0.530160493;0.090241601;0.713366142;-0.190004832;0.409788364;-0.912180627
1.252983746;-0.527756089;0.089575917;0.705330509;-0.202759512;0.403048786;-0.915178494
1.25637326;-0.525379268;0.088867267;0.697090821;-0.215356669;0.396287278;-0.918126567
1.259762774;-0.523030718;0.08811619;0.688649714;-0.227793207;0.389504209;-0.921024685
1.263152288;-0.520711117;0.087323235;0.680009874;-0.240066073;0.382699947;-0.923872692
1.266734559;-0.518291809;0.08644029;0.670665713;-0.252855642;0.375486112;-0.92682802
1.270316829;-0.515906362;0.085511867;0.661105895;-0.265455525;0.368249458;-0.929727023
1.2738991;-0.513555542;0.084538653;0.651333751;-0.277862268;0.360990424;-0.932569522
1.277481371;-0.511240104;0.083521346;0.641352665;-0.290072479;0.353709451;-0.935355346
1.281240075;-0.508849476;0.082407306;0.630659115;-0.302669127;0.346046775;-0.938217261
1.284998779;-0.50649946;0.081246339;0.61974335;-0.315041939;0.338360945;-0.941016403
1.288757483;-0.504190885;0.080039292;0.608609464;-0.327187194;0.330652477;-0.943752584
1.292516188;-0.501924562;0.078787029;0.59726161;-0.339101242;0.322921886;-0.946425621
1.296441634;-0.49960367;0.077431891;0.585186496;-0.351293123;0.314825297;-0.949149637
1.30036708;-0.497330619;0.076029405;0.572887474;-0.363224935;0.306705733;-0.951804388
1.304292526;-0.495106279;0.074580597;0.560369478;-0.374892773;0.298563788;-0.954389682
1.308217973;-0.492931499;0.073086512;0.547637511;-0.386292823;0.290400055;-0.956905329
1.312102076;-0.490829217;0.071564637;0.534834;-0.39730558;0.282301441;-0.959325751
1.31598618;-0.488777055;0.070000509;0.521830931;-0.408048988;0.274182658;-0.961677633
1.319870284;-0.486775778;0.068395181;0.508633331;-0.418519613;0.266044286;-0.963960807
1.323754387;-0.484826132;0.066749719;0.495246285;-0.42871411;0.257886907;-0.96617511
1.32753879;-0.482976882;0.065108922;0.482025557;-0.438378234;0.249921191;-0.968266181
1.331323193;-0.481177988;0.063432057;0.468634669;-0.447774204;0.241938525;-0.97029158
1.335107596;-0.479430085;0.061720147;0.455078477;-0.456899174;0.233939449;-0.972251168
1.338892;-0.47773379;0.059974222;0.441361878;-0.465750381;0.225924506;-0.974144813
1.342573439;-0.476133734;0.058244148;0.427869251;-0.474095532;0.21811292;-0.975923539
1.346254879;-0.474583615;0.056483837;0.414234098;-0.48217669;0.210287335;-0.977639625
1.349936318;-0.473083948;0.054694266;0.400461046;-0.489991542;0.202448252;-0.979292962
1.353617758;-0.471635233;0.052876419;0.386554762;-0.497537853;0.194596175;-0.980883443
1.357192818;-0.4702776;0.051084978;0.372927256;-0.504607046;0.186959033;-0.982367711
1.360767879;-0.468968897;0.049268724;0.359182874;-0.511419051;0.179310575;-0.983792518
1.364342939;-0.467709533;0.047428579;0.345325981;-0.517972032;0.171651264;-0.985157776
1.367917999;-0.466499903;0.045565472;0.331360969;-0.524264225;0.163981563;-0.986463404
1.371381267;-0.465375881;0.043739611;0.317733716;-0.530109376;0.156542225;-0.987671267
1.374844535;-0.464299217;0.041893936;0.304013188;-0.535706724;0.149093995;-0.988823028
1.378307803;-0.463270226;0.040029308;0.290203449;-0.541054855;0.141637296;-0.989918621
1.381771071;-0.462289211;0.03814659;0.276308583;-0.546152419;0.134172551;-0.990957984
1.38511467;-0.46138788;0.036312581;0.262816914;-0.550834906;0.126958504;-0.991908029
1.38845827;-0.460531782;0.03446331;0.249253433;-0.55528154;0.119737735;-0.992805557
1.39180187;-0.459721149;0.032599567;0.235621865;-0.559491274;0.112510627;-0.993650521
1.39514547;-0.458956203;0.030722145;0.22192595;-0.563463118;0.105277562;-0.994442877
1.398358283;-0.458264414;0.028906015;0.208708627;-0.567054619;0.098322166;-0.995154637
1.401571096;-0.457615176;0.027078701;0.1954387;-0.570424832;0.091361964;-0.99581775
1.404783909;-0.457008651;0.025240916;0.182119521;-0.573573027;0.084397296;-0.996432184
1.407996722;-0.456444993;0.023393374;0.168754453;-0.57649852;0.077428502;-0.996997907
1.41106289;-0.455947169;0.021621719;0.155959716;-0.579082213;0.070774254;-0.997492358
1.414129059;-0.455488632;0.019842455;0.143129192;-0.58146198;0.064116856;-0.997942398
1.417195227;-0.455069486;0.018056208;0.130265825;-0.583637351;0.057456603;-0.998348005
1.420261396;-0.454689828;0.016263604;0.117372566;-0.585607896;0.050793791;-0.998709162
1.423157385;-0.454367582;0.014565223;0.105170128;-0.58728063;0.0444987;-0.999009442
1.426053373;-0.454080706;0.012862265;0.092946156;-0.588770001;0.038201842;-0.999270043
1.428949362;-0.453829259;0.011155258;0.080703146;-0.590075745;0.031903467;-0.999490955
1.43184535;-0.453613291;0.009444737;0.068443601;-0.591197633;0.025603824;-0.999672168
1.434533268;-0.453444628;0.007854433;0.057052269;-0.592074226;0.019755882;-0.999804834
1.437221186;-0.453306597;0.006261985;0.045650853;-0.592792128;0.013907265;-0.999903289
1.439909104;-0.453199223;0.004667822;0.034241357;-0.593351232;0.008058172;-0.999967532
1.442597021;-0.453122526;0.003072369;0.02282579;-0.59375145;0.002208802;-0.999997561
1.445032873;-0.453079529;0.001625778;0.01247718;-0.593976852;-0.003092098;-0.999995219
1.447468724;-0.453061743;0.000178796;0.002126726;-0.594071694;-0.008392911;-0.999964779
1.449904576;-0.453069169;-0.001268257;-0.008224079;-0.594035962;-0.013693489;-0.99990624
1.452340427;-0.453101807;-0.002715064;-0.018573739;-0.593869662;-0.018993681;-0.999819604
1.454474208;-0.45315111;-0.003982;-0.027637818;-0.593616716;-0.023636163;-0.999720627
1.456607989;-0.453219751;-0.005248289;-0.036698868;-0.593263617;-0.028278134;-0.999600094
1.45874177;-0.453307722;-0.006513718;-0.045755885;-0.592810398;-0.032919496;-0.999458007
1.460875551;-0.453415014;-0.007778073;-0.054807865;-0.592257102;-0.037560148;-0.999294369
1.463309451;-0.453560968;-0.009218677;-0.065125584;-0.591503873;-0.042852518;-0.999081409
1.46574335;-0.453732024;-0.010657289;-0.075433955;-0.590620598;-0.048143686;-0.99884042
1.468177249;-0.453928157;-0.012093594;-0.085731493;-0.589607387;-0.053433503;-0.99857141
1.470611149;-0.454149338;-0.013527274;-0.096016712;-0.588464367;-0.05872182;-0.998274385
1.47319701;-0.454411736;-0.015047239;-0.106928938;-0.58710792;-0.06433851;-0.997928132
1.475782872;-0.45470233;-0.016563508;-0.117823805;-0.585605299;-0.069953162;-0.997550277
1.478368733;-0.455021072;-0.018075702;-0.128699537;-0.583956714;-0.075565598;-0.997140833
1.480954595;-0.45536791;-0.019583445;-0.13955436;-0.582162397;-0.081175642;-0.996699812
1.483740392;-0.45577294;-0.021202351;-0.151223037;-0.580066566;-0.087216566;-0.996189375
1.486526189;-0.456210437;-0.022815184;-0.162863182;-0.577802229;-0.093254284;-0.995642325
1.489311986;-0.456680319;-0.024421474;-0.17447259;-0.575369756;-0.099288575;-0.995058681
1.492097783;-0.457182497;-0.026020755;-0.186049059;-0.572769543;-0.105319217;-0.994438466
1.4950491;-0.457749638;-0.027706891;-0.198274977;-0.569832323;-0.111703945;-0.99374153
1.498000417;-0.4583528;-0.029384082;-0.210458856;-0.566707852;-0.118084067;-0.993003602
1.500951734;-0.458991856;-0.031051776;-0.222598098;-0.563396703;-0.124459317;-0.992224712
1.503903051;-0.459666669;-0.032709424;-0.234690115;-0.559899479;-0.130829433;-0.991404892
1.506996819;-0.460412285;-0.034435696;-0.247312257;-0.556034394;-0.137501215;-0.990501598
1.510090587;-0.461196863;-0.036149697;-0.259876702;-0.551966321;-0.144166765;-0.989553406
1.513184355;-0.462020219;-0.037850799;-0.272380495;-0.547696079;-0.150825781;-0.988560359
1.516278122;-0.462882161;-0.039538378;-0.284820696;-0.543224529;-0.157477959;-0.987522502
1.519497832;-0.463819949;-0.041279628;-0.297696633;-0.538358151;-0.164393352;-0.986394863
1.522717542;-0.464799074;-0.043004861;-0.31049723;-0.533275777;-0.171300674;-0.985218798
1.525937252;-0.465819287;-0.044713383;-0.323219215;-0.527978516;-0.178199586;-0.983994364
1.529156961;-0.46688033;-0.046404506;-0.335859329;-0.522467525;-0.18508975;-0.982721621
1.532490295;-0.468021548;-0.048136245;-0.348855802;-0.516538156;-0.19221349;-0.981353134
1.535823628;-0.46920593;-0.049847842;-0.361757473;-0.510382383;-0.199327115;-0.979933008
1.539156961;-0.470433155;-0.051538545;-0.374560784;-0.504001646;-0.206430252;-0.978461318
1.542490295;-0.471702889;-0.053207605;-0.3872622;-0.49739744;-0.213522527;-0.976938141
1.545927815;-0.473056466;-0.054905381;-0.400250176;-0.490354393;-0.220824707;-0.975313513
1.549365336;-0.474454492;-0.056578543;-0.413122223;-0.483077089;-0.228114529;-0.973634306
1.552802857;-0.475896562;-0.05822629;-0.42587454;-0.475567343;-0.235391586;-0.971900613
1.556240377;-0.477382256;-0.059847824;-0.438503355;-0.467827026;-0.24265547;-0.970112531
1.559774761;-0.478954847;-0.06148689;-0.451355312;-0.459630228;-0.250109874;-0.968217461
1.563309144;-0.480572618;-0.063096561;-0.464068712;-0.451193887;-0.257549481;-0.966265111
1.566843527;-0.482235072;-0.064675995;-0.476639549;-0.442520229;-0.264973851;-0.964255598
1.57037791;-0.483941699;-0.066224356;-0.489063854;-0.433611545;-0.272382546;-0.96218904
1.574003451;-0.485737688;-0.067779502;-0.50165223;-0.424231361;-0.279965575;-0.96001004
1.577628991;-0.487579023;-0.069300199;-0.514078074;-0.414608955;-0.287531176;-0.957771279
1.581254531;-0.489465108;-0.070785575;-0.526337221;-0.404747004;-0.295078879;-0.955472896
1.584880071;-0.49139533;-0.072234766;-0.538425551;-0.394648252;-0.302608212;-0.953115035
1.588592393;-0.493416835;-0.073680259;-0.550621974;-0.384065341;-0.310298246;-0.950639258
1.592304714;-0.49548327;-0.075086014;-0.562630702;-0.373240197;-0.317968028;-0.948101436
1.596017036;-0.49759393;-0.076451139;-0.574447459;-0.362175984;-0.325617058;-0.945501735
1.599729358;-0.499748095;-0.07777475;-0.586068019;-0.350875936;-0.333244835;-0.942840326
1.603525213;-0.501994949;-0.079084315;-0.597742849;-0.339081207;-0.341021758;-0.940055403
1.607321068;-0.504285715;-0.080348653;-0.609203791;-0.327046978;-0.34877541;-0.937206335
1.611116923;-0.506619571;-0.081566863;-0.620446504;-0.314776932;-0.356505263;-0.934293314
1.614912778;-0.508995683;-0.082738055;-0.63146671;-0.30227483;-0.36421079;-0.931316542
1.61878997;-0.511465445;-0.083884896;-0.642488961;-0.289269253;-0.372055767;-0.928210378
1.622667161;-0.513977477;-0.084980857;-0.653270247;-0.276029731;-0.379874257;-0.925038134
1.626544353;-0.516530836;-0.086025039;-0.663806215;-0.262560503;-0.387665703;-0.921800034
1.630421544;-0.519124562;-0.087016561;-0.674092586;-0.248865887;-0.39542955;-0.91849631
1.634316467;-0.521769811;-0.087958721;-0.684170449;-0.234886134;-0.403200557;-0.915111638
1.63821139;-0.524453806;-0.088846004;-0.693987998;-0.220687887;-0.410942597;-0.911661221
1.642106312;-0.527175527;-0.089677567;-0.703541124;-0.206275749;-0.418655112;-0.908145306
1.646001235;-0.529933934;-0.090452588;-0.7128258;-0.191654394;-0.42633755;-0.904564146
1.649690781;-0.532579775;-0.091133863;-0.721369733;-0.177615353;-0.433586656;-0.901111875
1.653380327;-0.535256683;-0.091763008;-0.729665948;-0.16339693;-0.440807811;-0.897601512
1.657069873;-0.537963739;-0.092339368;-0.737711224;-0.149003272;-0.448000547;-0.894033282
1.660759419;-0.54070001;-0.092862306;-0.745502408;-0.134438581;-0.455164402;-0.890407416
1.66421339;-0.543287212;-0.093302886;-0.752563119;-0.12065261;-0.461844265;-0.886961033
1.667667361;-0.54589841;-0.093695603;-0.759395969;-0.106724012;-0.468498036;-0.883464538
1.671121332;-0.54853281;-0.09403997;-0.765998537;-0.092656361;-0.475125337;-0.879918129
1.674575303;-0.551189615;-0.094335512;-0.772368458;-0.078453267;-0.481725794;-0.876322007
1.677756185;-0.553655481;-0.094564103;-0.778026964;-0.065256482;-0.487780319;-0.872966414
1.680937067;-0.556139026;-0.094750543;-0.783484432;-0.051950796;-0.493811472;-0.869568991
1.684117949;-0.558639609;-0.094894489;-0.788739139;-0.038539114;-0.499818963;-0.866129901
1.687298832;-0.561156582;-0.09499561;-0.793789403;-0.025024365;-0.505802503;-0.862649308
1.689532424;-0.562933426;-0.095040848;-0.797212596;-0.015474398;-0.509989634;-0.860180547
1.691766016;-0.564717802;-0.095064701;-0.800533617;-0.005876096;-0.514164716;-0.857691463
1.693999609;-0.566509481;-0.095067063;-0.803751921;0.003769503;-0.518327649;-0.855182114
1.696233201;-0.568308233;-0.095047828;-0.806866974;0.01346136;-0.522478336;-0.85265256
1.698466793;-0.570113827;-0.095006895;-0.80987825;0.023198427;-0.526616679;-0.850102861
1.700700386;-0.571926031;-0.094944163;-0.812785234;0.032979652;-0.530742579;-0.847533076
1.702933978;-0.573744611;-0.094859536;-0.815587423;0.042803977;-0.534855939;-0.844943267
1.70516757;-0.575569333;-0.094752919;-0.818284322;0.052670338;-0.538956663;-0.842333494
1.707746229;-0.577683284;-0.094602359;-0.821266289;0.064111829;-0.543675062;-0.839295792
1.710324888;-0.579804742;-0.094422228;-0.824106551;0.075606272;-0.54837634;-0.83623166
1.712903547;-0.58193334;-0.09421239;-0.826804403;0.087152005;-0.553060349;-0.833141195
1.715482205;-0.584068711;-0.093972715;-0.829359157;0.098747359;-0.557726942;-0.830024492
1.718394325;-0.586487899;-0.093666015;-0.832071391;0.111899729;-0.562975875;-0.82647333
1.721306445;-0.588914716;-0.093320927;-0.834599338;0.125110812;-0.568202197;-0.822888974
1.724218565;-0.591348626;-0.092937285;-0.836942096;0.138378165;-0.573405699;-0.819271569
1.727130685;-0.593789087;-0.092514927;-0.839098794;0.151699332;-0.578586172;-0.815621261
1.730290165;-0.596443624;-0.092012728;-0.841227275;0.166210014;-0.584180394;-0.811623846
1.733449646;-0.599104536;-0.091464592;-0.843134732;0.18077797;-0.589746999;-0.807588061
1.736609126;-0.601771125;-0.090870343;-0.844820179;0.195400015;-0.595285724;-0.803514098
1.739768606;-0.604442686;-0.090229814;-0.846282679;0.210072952;-0.600796308;-0.79940215
1.743125705;-0.607286009;-0.089498335;-0.847591356;0.225715826;-0.606620438;-0.7949916
1.746482805;-0.6101333;-0.088714257;-0.848646299;0.241408661;-0.612412192;-0.790538619
1.749839904;-0.612983704;-0.087877418;-0.84944655;0.257147568;-0.618171258;-0.786043444
1.753197004;-0.615836366;-0.08698767;-0.849991208;0.272928645;-0.623897331;-0.781506315
1.756719646;-0.618831186;-0.085997013;-0.850286997;0.28952897;-0.629869956;-0.77670061
1.760242289;-0.621826549;-0.084947811;-0.850299538;0.306166867;-0.635805566;-0.771849261
1.763764932;-0.624821456;-0.083839941;-0.850027998;0.322837778;-0.641703811;-0.766952553
1.767287575;-0.627814904;-0.082673294;-0.849471619;0.339537128;-0.647564346;-0.762010773
1.770953575;-0.630927545;-0.081396656;-0.848589397;0.356941333;-0.653622965;-0.756820335
1.774619575;-0.634036383;-0.080056174;-0.847397247;0.374366183;-0.659639982;-0.751581728
1.778285575;-0.637140282;-0.078651784;-0.845894562;0.391806476;-0.665615016;-0.746295284
1.781951576;-0.640238102;-0.077183437;-0.844080822;0.409257;-0.671547684;-0.74096134
1.785744905;-0.643435903;-0.075596733;-0.841876176;0.427318837;-0.67764141;-0.735392493
1.789538235;-0.646624708;-0.073941515;-0.839337643;0.445380237;-0.683688958;-0.729773533
1.793331565;-0.64980325;-0.072217793;-0.836464936;0.463435395;-0.689689915;-0.724104841
1.797124895;-0.65297026;-0.070425603;-0.833257869;0.481478498;-0.695643874;-0.718386805
1.801033688;-0.656220266;-0.068507296;-0.82960331;0.500052043;-0.701729465;-0.712443512
1.804942481;-0.659455293;-0.066516437;-0.825593647;0.518600234;-0.707764281;-0.706448669
1.808851273;-0.662673952;-0.064453136;-0.821229004;0.537116697;-0.713747886;-0.70040271
1.812760066;-0.665874858;-0.062317531;-0.816509621;0.555595057;-0.719679845;-0.694306071
1.816775439;-0.6691431;-0.060048575;-0.811292541;0.57453089;-0.725719324;-0.687990889
1.820790813;-0.672389643;-0.057703691;-0.805701983;0.593412878;-0.731703389;-0.681623174
1.824806186;-0.67561299;-0.055283108;-0.799738575;0.612234119;-0.737631583;-0.675203412
1.828821559;-0.678811643;-0.052787084;-0.793403068;0.63098772;-0.743503454;-0.668732094
1.832936886;-0.682062736;-0.050150945;-0.786524666;0.650130761;-0.749462579;-0.662046707
1.837052213;-0.685284722;-0.047436201;-0.779257411;0.669188124;-0.755361593;-0.655308221
1.84116754;-0.688476002;-0.044643217;-0.771602524;0.688152428;-0.761200023;-0.648517174
1.845282866;-0.691634985;-0.041772394;-0.763561356;0.707016312;-0.7669774;-0.641674114
1.849493311;-0.694831901;-0.038755104;-0.754936114;0.726204616;-0.772824642;-0.634619629
1.853703756;-0.697991656;-0.035657275;-0.745909838;0.745272282;-0.778607;-0.627511864
1.857914201;-0.701112565;-0.032479429;-0.736484422;0.764211502;-0.78432399;-0.620351416
1.862124646;-0.704192952;-0.029222125;-0.726661909;0.783014501;-0.789975131;-0.613138885
1.86642687;-0.707296895;-0.025812357;-0.716217391;0.802078611;-0.795680945;-0.605715968
1.870729094;-0.71035502;-0.022320908;-0.705363061;0.820984194;-0.801317012;-0.598239957
1.875031318;-0.713365571;-0.01874848;-0.694101577;0.839723076;-0.80688284;-0.590711506
1.879333543;-0.716326802;-0.015095805;-0.682435757;0.85828713;-0.812377939;-0.583131275
1.883349566;-0.719045002;-0.011614383;-0.67118373;0.875451334;-0.817443231;-0.57600917
1.88736559;-0.721717316;-0.008064361;-0.659584509;0.892449628;-0.822446085;-0.568843069
1.891381613;-0.724342355;-0.004446417;-0.647640757;0.909275523;-0.82738612;-0.561633518
1.895397637;-0.72691874;-0.000761256;-0.635355255;0.925922579;-0.832262957;-0.55438107
1.898719702;-0.729012189;0.002337396;-0.624936446;0.939553357;-0.836249064;-0.548349799
1.902041768;-0.731070644;0.005481115;-0.614287473;0.953053789;-0.840191465;-0.542289869
1.905363833;-0.733093343;0.008669461;-0.603410092;0.966420304;-0.844089953;-0.536201596
1.908685898;-0.735079529;0.011901985;-0.592306115;0.979649355;-0.847944324;-0.530085299
1.911721148;-0.736861678;0.014893652;-0.581964302;0.991613092;-0.851427183;-0.524472833
1.914756397;-0.738612154;0.01792145;-0.571436345;1.00345647;-0.854872894;-0.518837484
1.917791647;-0.740330395;0.020985009;-0.560723743;1.015176841;-0.858281307;-0.513179499
1.920826896;-0.742015842;0.024083953;-0.549828029;1.026771577;-0.861652273;-0.507499123
1.924224915;-0.743863142;0.027594783;-0.537414765;1.039599826;-0.865381524;-0.501113579
1.927622933;-0.745667878;0.031148926;-0.52477623;1.052263713;-0.869063453;-0.494700632
1.931020952;-0.747429288;0.034745816;-0.511914738;1.064759641;-0.872697859;-0.488260634
1.93441897;-0.749146619;0.038384877;-0.498832659;1.077084044;-0.876284545;-0.481793936
1.938073339;-0.750943463;0.042344862;-0.48452025;1.090142754;-0.880088332;-0.474809992
1.941727708;-0.752687547;0.046352193;-0.469958609;1.102994657;-0.883836459;-0.467796018
1.945382077;-0.754377967;0.050406104;-0.455150896;1.115635455;-0.887528688;-0.460752459
1.949036446;-0.75601383;0.054505817;-0.440100342;1.128060902;-0.891164786;-0.45367976
1.952876626;-0.757673115;0.058862469;-0.424026468;1.140881484;-0.894925029;-0.446216531
1.956716806;-0.759270172;0.063267881;-0.407691995;1.153454817;-0.898622772;-0.438722138
1.960556985;-0.760804008;0.067721094;-0.391100926;1.165776158;-0.902257755;-0.431197105
1.964397165;-0.762273644;0.072221133;-0.374257344;1.177840831;-0.905829725;-0.423641958
1.968381239;-0.763729468;0.076938215;-0.356520203;1.190081369;-0.909468673;-0.415772452
1.972365312;-0.765114101;0.081703495;-0.338520504;1.202035616;-0.913039256;-0.407871693
1.976349385;-0.766426507;0.086515824;-0.320263086;1.213698586;-0.916541204;-0.399940273
1.980333458;-0.767665668;0.09137403;-0.301752879;1.22506538;-0.919974254;-0.391978789
1.984371653;-0.768845898;0.09634383;-0.282738402;1.23627941;-0.923383369;-0.383879087
1.988409848;-0.769948839;0.101358282;-0.2634747;1.24717929;-0.926721174;-0.375749738
1.992448043;-0.770973494;0.106416107;-0.243967184;1.257760189;-0.92998741;-0.367591372
1.996486238;-0.771918892;0.111516007;-0.224221355;1.268017371;-0.933181826;-0.359404617
2.000290757;-0.772736218;0.116358108;-0.205405135;1.277380686;-0.936125465;-0.351666197
2.004095276;-0.773481571;0.121235271;-0.186387091;1.286448749;-0.939004934;-0.34390367
2.007899795;-0.774154194;0.126146366;-0.167172036;1.295217839;-0.941820036;-0.33611757
2.011704314;-0.774753346;0.131090249;-0.147764845;1.303684318;-0.944570577;-0.328308429
2.015236223;-0.775243172;0.135708218;-0.129580599;1.311270165;-0.94706608;-0.321038691
2.018768132;-0.775668495;0.140352509;-0.111239026;1.318589362;-0.949505632;-0.313749986
2.022300041;-0.776028764;0.145022176;-0.092744174;1.325639186;-0.951889092;-0.306442747
2.02583195;-0.776323447;0.149716263;-0.074100134;1.332416978;-0.954216316;-0.299117404
2.029041507;-0.776533916;0.154002294;-0.0570318;1.338338065;-0.956282253;-0.292445298
2.032251064;-0.776689416;0.158306963;-0.039846817;1.344030463;-0.958301538;-0.285758924
2.035460621;-0.776789576;0.162629532;-0.022548347;1.349492314;-0.960274071;-0.27905861
2.038670178;-0.776834038;0.166969259;-0.005139582;1.354721804;-0.962199758;-0.272344682
2.041437952;-0.776827387;0.170724844;0.009959038;1.359043533;-0.963822691;-0.266544219
2.044205726;-0.776778838;0.174492148;0.025135208;1.363190042;-0.965410657;-0.260734086
2.0469735;-0.77668818;0.178270685;0.040386835;1.367160249;-0.966963599;-0.254914494
2.049741274;-0.776555207;0.182059965;0.05571181;1.370953099;-0.968481459;-0.249085653
2.052334354;-0.776392056;0.185619387;0.070134182;1.374344718;-0.969871639;-0.24361651
2.054927433;-0.776191427;0.1891874;0.084617319;1.37757893;-0.971230934;-0.238139609
2.057520513;-0.775953166;0.192763595;0.099159454;1.380654925;-0.972559301;-0.232655124
2.060113593;-0.775677121;0.19634756;0.113758812;1.383571918;-0.973856697;-0.227163231
2.063086568;-0.775313954;0.200465615;0.130565134;1.38671962;-0.975306005;-0.220857866
2.066059542;-0.774900718;0.204592715;0.147441623;1.389656187;-0.976714488;-0.214543257
2.069032517;-0.774437207;0.20872823;0.164385557;1.392380532;-0.978082088;-0.208219667
2.072005491;-0.773923226;0.212871528;0.1813942;1.394891603;-0.979408747;-0.201887362
2.075254003;-0.773303682;0.217406978;0.200049956;1.397390365;-0.980811488;-0.194958522
2.078502515;-0.77262342;0.221950127;0.218776078;1.399631998;-0.982165211;-0.188019939
2.081751027;-0.771882217;0.22650014;0.237568937;1.401615279;-0.98346985;-0.181071959
2.084999539;-0.771079861;0.231056174;0.256424886;1.403339034;-0.984725338;-0.17411493
2.08846396;-0.770156569;0.235920704;0.276599468;1.404890123;-0.986010041;-0.166685929
2.091928381;-0.769163274;0.240790092;0.296837168;1.406143474;-0.987238699;-0.159247453
2.095392802;-0.768099764;0.245663305;0.317133495;1.407097861;-0.988411242;-0.151799926
2.098857223;-0.766965843;0.250539304;0.337483942;1.407752129;-0.989527603;-0.14434377
2.102500259;-0.765697316;0.255668559;0.358937005;1.408115207;-0.990640849;-0.136494354
2.106143296;-0.764350542;0.260798529;0.380439614;1.408144036;-0.991691831;-0.128636359
2.109786332;-0.762925351;0.265927992;0.401986459;1.407837519;-0.992680482;-0.12077028
2.113429369;-0.761421592;0.271055727;0.423572213;1.407194643;-0.993606741;-0.112896609
2.117225823;-0.759770762;0.27639624;0.44610263;1.406165792;-0.994505555;-0.104683815
2.121022277;-0.758034337;0.281732151;0.468663425;1.404769702;-0.995336486;-0.096463875
2.124818732;-0.756212213;0.287062062;0.491248507;1.403005525;-0.996099478;-0.088237351
2.128615186;-0.754304309;0.292384576;0.513851772;1.400872517;-0.996794478;-0.080004804
2.132547245;-0.752237766;0.297887911;0.537275044;1.398273808;-0.997442574;-0.071472449
2.136479304;-0.750079107;0.303380247;0.560704444;1.395278161;-0.998017637;-0.062934862
2.140411364;-0.747828321;0.308860023;0.584133146;1.391885096;-0.998519623;-0.054392666
2.144343423;-0.745485424;0.314325675;0.607554315;1.388094252;-0.998948497;-0.045846487
2.148398176;-0.742973;0.319945428;0.631691175;1.383768273;-0.99931415;-0.037030129
2.15245293;-0.740362751;0.325546781;0.655805234;1.379018912;-0.999601994;-0.028210888
2.156507683;-0.737654784;0.331128018;0.679888973;1.373846169;-0.999812007;-0.01938945
2.160562436;-0.734849238;0.336687423;0.703934875;1.36825018;-0.999944173;-0.010566503
2.164730442;-0.731863803;0.342377547;0.728605053;1.36205703;-0.999998881;-0.001496273
2.168898448;-0.728775656;0.348040926;0.753219141;1.355417387;-0.999971316;0.007574081
2.173066454;-0.725585049;0.353675702;0.777768983;1.348331841;-0.999861482;0.016643811
2.177234459;-0.722292265;0.359280017;0.80224643;1.340801134;-0.999669387;0.025712172
2.181508869;-0.718809634;0.364993826;0.827265042;1.332616758;-0.999386968;0.035009833
2.185783279;-0.715220259;0.370671653;0.852190196;1.323966264;-0.999018075;0.044304464
2.190057688;-0.71152456;0.376311511;0.877013149;1.314850941;-0.998562741;0.053595262
2.194332098;-0.70772299;0.381911416;0.901725183;1.305272243;-0.998021005;0.062881423
2.198708099;-0.703721909;0.387600962;0.926900578;1.294987549;-0.997376936;0.072382649
2.2030841;-0.699610951;0.393244447;0.951941308;1.284220804;-0.996642416;0.08187731
2.207460101;-0.695390726;0.398839766;0.976838108;1.2729741;-0.995817513;0.091364546
2.211836103;-0.691061885;0.404384822;1.001581756;1.26124971;-0.994902301;0.100843496
2.216310563;-0.686524055;0.410000499;1.026714205;1.248770147;-0.993873204;0.110526257
2.220785022;-0.681874169;0.41555923;1.051667164;1.235796532;-0.992749874;0.120198538
2.225259482;-0.677113052;0.421058811;1.076430916;1.222331867;-0.991532415;0.129859423
2.229733942;-0.672241572;0.426497052;1.100995807;1.208379344;-0.990220945;0.139507995
2.234305189;-0.667151695;0.431987321;1.125876724;1.193624731;-0.988784151;0.149351609
2.238876436;-0.661948598;0.437408995;1.150529905;1.178368269;-0.987249506;0.159180443
2.243447683;-0.656633344;0.442759787;1.174945262;1.162613971;-0.985617161;0.168993525
2.24801893;-0.651207045;0.448037433;1.199112788;1.146366054;-0.983887279;0.178789882
2.252686638;-0.645552858;0.453348634;1.223524247;1.129270516;-0.982020425;0.188774695
2.257354346;-0.639785372;0.458578857;1.247656485;1.11166983;-0.980052244;0.198740029
2.262022054;-0.633905917;0.463725756;1.271499124;1.093569126;-0.97798294;0.208684857
2.266689761;-0.627915867;0.468787009;1.295041898;1.074973746;-0.975812726;0.218608152
2.271454914;-0.621688162;0.473863193;1.318756291;1.055485652;-0.973493346;0.228715337
2.276220068;-0.615348245;0.478845311;1.342136884;1.035493929;-0.971069282;0.238797926
2.280985221;-0.608897733;0.483730978;1.365173111;1.01500493;-0.968540794;0.248854837
2.285750374;-0.602338291;0.488517839;1.387854544;0.994025226;-0.965908155;0.258884987
2.290615326;-0.595530877;0.493300612;1.410634291;0.972106959;-0.963113226;0.269096476
2.295480278;-0.588613588;0.497975542;1.433022686;0.949691748;-0.960210346;0.279277802
2.300345231;-0.581588355;0.502540229;1.455009077;0.926787278;-0.95719984;0.289427826
2.305210183;-0.574457158;0.506992312;1.476582981;0.903401455;-0.954082045;0.299545409
2.310178788;-0.567066761;0.511420612;1.498180054;0.879028976;-0.950787443;0.309843894
2.315147394;-0.559570175;0.515726606;1.519325303;0.854171791;-0.947381681;0.320106155
2.320115999;-0.551969672;0.519907909;1.540008109;0.828839028;-0.943865158;0.330330991
2.325084604;-0.544267574;0.523962181;1.560218058;0.803040041;-0.940238285;0.340517206
2.329996566;-0.536555743;0.527843123;1.579722804;0.777086267;-0.936544704;0.350548168
2.334908528;-0.528749285;0.531595503;1.598745751;0.750695668;-0.93274411;0.360539076
2.33982049;-0.520850591;0.535217201;1.617277429;0.723877919;-0.928836939;0.370488787
2.344732452;-0.512862095;0.538706141;1.635308574;0.696642888;-0.924823636;0.380396165
2.349423505;-0.505151318;0.541912374;1.652053193;0.670252422;-0.920892169;0.38981741
2.354114558;-0.497363096;0.544993954;1.668325324;0.64349948;-0.91686473;0.39919803
2.35880561;-0.489499665;0.547949201;1.684117443;0.616393152;-0.912741739;0.408537047
2.363496663;-0.481563292;0.55077648;1.699422214;0.588942675;-0.908523625;0.417833488
2.367971648;-0.473926597;0.553352813;1.713561299;0.562444428;-0.904411547;0.42666117
2.372446633;-0.466227649;0.5558099;1.727244341;0.535649818;-0.900213697;0.435448389
2.376921618;-0.458468501;0.558146433;1.740465455;0.508567233;-0.895930474;0.444194311
2.381396603;-0.450651233;0.560361144;1.753218919;0.48120517;-0.891562283;0.452898107
2.385659514;-0.443152306;0.56235647;1.764927962;0.454887774;-0.887322462;0.461149487
2.389922425;-0.435604388;0.564239098;1.776202918;0.428332105;-0.883006276;0.46936118
2.394185336;-0.428009339;0.566008026;1.787039258;0.401545778;-0.878614097;0.477532479
2.398448247;-0.420369039;0.567662289;1.797432598;0.37453649;-0.874146304;0.485662681
2.402493507;-0.413078708;0.569125207;1.806881776;0.348707104;-0.86983705;0.49333914
2.406538767;-0.405750973;0.570483258;1.8159247;0.322690655;-0.865460385;0.500977367
2.410584027;-0.398387486;0.571735699;1.82455798;0.296493913;-0.861016649;0.508576769
2.414629287;-0.390989908;0.572881814;1.83277834;0.270123704;-0.856506186;0.516136758
2.418439939;-0.383991681;0.573863587;1.840141431;0.245130362;-0.85219659;0.523221723
2.422250591;-0.376966103;0.574749847;1.847132766;0.219994996;-0.84782839;0.530270706
2.426061243;-0.369914596;0.575540063;1.8537499;0.194723444;-0.843401884;0.537283223
2.429871895;-0.36283859;0.576233728;1.859990483;0.169321584;-0.838917379;0.544258791
2.433414163;-0.356240235;0.576791522;1.865451861;0.145597088;-0.83469697;0.550709514
2.436956431;-0.349623117;0.577265094;1.870584175;0.121769881;-0.83042696;0.557127511
2.4404987;-0.342988404;0.577654089;1.875385761;0.09784477;-0.826107604;0.563512402
2.444040968;-0.336337271;0.577958169;1.879855028;0.073826582;-0.821739157;0.569863807
2.447247883;-0.330302636;0.578159955;1.883613297;0.052006019;-0.817742156;0.575584716
2.450454797;-0.324256389;0.578291654;1.887096871;0.030116762;-0.813705328;0.581277592
2.453661712;-0.318199413;0.578353049;1.890304726;0.008162443;-0.809628869;0.586942156
2.456868627;-0.312132593;0.57834394;1.893235888;-0.013853293;-0.805512977;0.592578134
2.459572331;-0.30701075;0.578281341;1.895491451;-0.032459469;-0.802012438;0.597307332
2.462276034;-0.301883077;0.578168384;1.897549157;-0.051104502;-0.798484134;0.602015853
2.464979738;-0.296750108;0.578004966;1.899408503;-0.069786187;-0.794928188;0.606703532
2.467683441;-0.291612381;0.57779099;1.901069015;-0.088502317;-0.791344722;0.611370208
2.470477093;-0.286299304;0.577516693;1.902575422;-0.107874929;-0.787613264;0.616169901
2.473270744;-0.280982315;0.577188231;1.903868596;-0.127279499;-0.783852694;0.62094682
2.476064395;-0.275662013;0.576805517;1.904948094;-0.146713574;-0.780063153;0.625700789
2.478858046;-0.270338993;0.576368472;1.905813508;-0.166174693;-0.77624478;0.630431631
2.482020026;-0.264311638;0.575808168;1.90653426;-0.188231183;-0.771888368;0.635758089
2.485182006;-0.258282439;0.575178077;1.906979758;-0.210315582;-0.767495407;0.641054444
2.488343985;-0.252252266;0.574478115;1.907149544;-0.232424304;-0.763066106;0.646320445
2.491505965;-0.246221994;0.573708213;1.907043206;-0.254553757;-0.758600674;0.651555843
2.494943835;-0.23966647;0.572791704;1.906613853;-0.278633387;-0.753704872;0.65721303
2.498381706;-0.233112985;0.571792384;1.905857258;-0.302728642;-0.748766882;0.66283343
2.501819577;-0.226562664;0.570710208;1.904773086;-0.32683489;-0.743786982;0.66841673
2.505257447;-0.220016634;0.569545145;1.90336107;-0.350947492;-0.73876545;0.673962617
2.508918315;-0.213051981;0.56821337;1.901496809;-0.376625926;-0.733372744;0.679826756
2.512579182;-0.206094833;0.566787594;1.899260409;-0.402300694;-0.727933491;0.685647747
2.516240049;-0.199146554;0.565267842;1.896651801;-0.42796619;-0.722448037;0.69142522
2.519900916;-0.192208507;0.563654157;1.893671;-0.453616805;-0.716916729;0.697158808
2.523751205;-0.184924002;0.5618557;1.890134501;-0.480572435;-0.71105013;0.703141318
2.527601495;-0.177653906;0.559953509;1.886186633;-0.507498881;-0.705133609;0.709074462
2.531451784;-0.170399801;0.557947711;1.881827724;-0.534389628;-0.699167584;0.714957824
2.535302073;-0.163163271;0.555838454;1.877058208;-0.561238168;-0.693152471;0.72079099
2.539319011;-0.155633968;0.553527823;1.871645192;-0.589196754;-0.686825149;0.726822684
2.543335948;-0.148127303;0.551105002;1.865786577;-0.617094956;-0.680445343;0.732798837
2.547352886;-0.140645066;0.548570249;1.859483223;-0.644925416;-0.674013539;0.738718992
2.551369824;-0.133189041;0.545923852;1.85273611;-0.672680797;-0.66753023;0.744582697
2.55553741;-0.125483;0.543060541;1.84526811;-0.701389908;-0.660749866;0.750606165
2.559704996;-0.117809073;0.540077781;1.837325009;-0.730002169;-0.653915151;0.756567892
2.563872582;-0.110169237;0.536975992;1.828908324;-0.75850945;-0.647026649;0.762467387
2.568040169;-0.102565463;0.533755631;1.820019715;-0.786903655;-0.640084925;0.768304165
2.572089399;-0.095214031;0.530513617;1.810933229;-0.81437553;-0.633289906;0.773914656
2.576138629;-0.087900288;0.527160607;1.801404719;-0.841725673;-0.626445712;0.779465054
2.580187859;-0.08062602;0.523697109;1.791436085;-0.868946746;-0.619552874;0.784954926
2.58423709;-0.073393005;0.52012366;1.781029353;-0.896031446;-0.612611929;0.790383846
2.588089567;-0.066551355;0.516622296;1.770723563;-0.921666863;-0.605964079;0.795492008
2.591942044;-0.059750164;0.513022434;1.760025114;-0.947166031;-0.599273637;0.800544257
2.595794521;-0.052990943;0.509324608;1.748936057;-0.972522755;-0.592541075;0.805540238
2.599646999;-0.046275191;0.505529381;1.737458544;-0.997730876;-0.585766864;0.810479599
2.603262327;-0.040013711;0.501879706;1.72633624;-1.021246627;-0.5793722;0.815063098
2.606877655;-0.033793054;0.498145268;1.714875752;-1.044621081;-0.572941672;0.819596144
2.610492983;-0.027614439;0.494326586;1.703079094;-1.067849237;-0.56647568;0.824078457
2.614108311;-0.021479077;0.490424199;1.690948355;-1.090926125;-0.559974622;0.82850976
2.617418973;-0.015899712;0.486777721;1.679548685;-1.111921417;-0.553990999;0.832522656
2.620729636;-0.010358546;0.483061956;1.667872396;-1.132781952;-0.54797862;0.836492339
2.624040298;-0.004856491;0.479277357;1.655921254;-1.15350399;-0.541937796;0.840418601
2.62735096;0.000605545;0.475424388;1.643697076;-1.174083812;-0.535868842;0.84430124
2.630204369;0.005280391;0.472049082;1.632943598;-1.19170431;-0.530615774;0.847612471
2.633057778;0.009924267;0.468623654;1.621989911;-1.209214072;-0.525342246;0.850891018
2.635911188;0.014536603;0.465148424;1.610837269;-1.226610765;-0.520048461;0.854136756
2.638764597;0.019116834;0.461623719;1.599486952;-1.243892071;-0.514734623;0.85734956
2.641567284;0.02358385;0.458113825;1.588147228;-1.26075163;-0.509495921;0.860473072
2.644369972;0.028018819;0.454556841;1.576619323;-1.277495478;-0.504238265;0.863564573
2.647172659;0.032421218;0.450953094;1.564904527;-1.294121463;-0.498961851;0.86662395
2.649975347;0.036790523;0.447302917;1.553004156;-1.310627448;-0.493666876;0.869651088
2.65318629;0.041754943;0.443064405;1.539143944;-1.329387562;-0.487578044;0.873079407
2.656397233;0.046674473;0.438765917;1.525043968;-1.347984222;-0.481465405;0.876465096
2.659608176;0.051548347;0.434407982;1.510706326;-1.366414289;-0.475329257;0.879807989
2.662819119;0.056375805;0.429991141;1.496133153;-1.384674656;-0.4691699;0.883107924
2.666334361;0.061606646;0.425088825;1.479911395;-1.40446732;-0.462400568;0.886671143
2.669849604;0.066779975;0.420117302;1.463412874;-1.424048904;-0.455604175;0.890182473
2.673364846;0.071894827;0.415077323;1.446640561;-1.443415448;-0.44878112;0.89364171
2.676880089;0.076950243;0.409969648;1.429597483;-1.462563041;-0.441931803;0.897048651
2.680646201;0.08229942;0.404423228;1.411041172;-1.482829782;-0.43456499;0.900640477
2.684412312;0.08757814;0.39880097;1.392181473;-1.502836064;-0.427168988;0.904171807
2.688178424;0.092785266;0.393103863;1.373022324;-1.522577247;-0.419744291;0.907642402
2.691944536;0.09791968;0.387332916;1.353567729;-1.542048754;-0.4122914;0.91105203
2.6959295;0.103272059;0.381147348;1.332665436;-1.562353124;-0.40437527;0.914593156
2.699914464;0.108540501;0.374881488;1.311441842;-1.582345243;-0.396428729;0.9180655
2.703899429;0.113723737;0.368536591;1.289901945;-1.602019921;-0.388452375;0.921468802
2.707884393;0.118820514;0.362113932;1.268050828;-1.621372056;-0.380446807;0.924802804
2.712068355;0.124077424;0.355288277;1.244779255;-1.641337987;-0.372010684;0.928228448
2.716252318;0.129236272;0.348379851;1.221176371;-1.660937113;-0.36354372;0.931577138
2.72043628;0.134295683;0.341390199;1.197248349;-1.680163829;-0.355046617;0.934848597
2.724620243;0.139254311;0.334320893;1.173001451;-1.69901264;-0.346520079;0.938042555
2.72899143;0.144325748;0.326851893;1.147335846;-1.718295414;-0.337581322;0.941296367
2.733362617;0.149284264;0.31929953;1.121336489;-1.737153811;-0.328612017;0.944465003
2.737733804;0.154128416;0.311665672;1.095010841;-1.755581947;-0.319612976;0.947548176
2.742104991;0.158856793;0.303952212;1.068366469;-1.773574079;-0.310585014;0.950545606
2.746657941;0.163657209;0.295835442;1.040283552;-1.79184474;-0.301151781;0.953576219
2.751210891;0.168329013;0.287636588;1.01187195;-1.809630117;-0.291688984;0.956513218
2.755763841;0.172870729;0.279357876;0.983140554;-1.826924195;-0.282197551;0.959356317
2.760316791;0.177280921;0.271001553;0.954098362;-1.843721128;-0.272678414;0.962105235
2.765051766;0.181726416;0.262231272;0.923575189;-1.860656134;-0.262750327;0.964863859
2.76978674;0.186026632;0.253382104;0.892736086;-1.877041118;-0.252794342;0.967520036
2.774521714;0.190180098;0.244456668;0.861591532;-1.892870089;-0.242811516;0.970073486
2.779256688;0.194185393;0.23545761;0.830152117;-1.908137264;-0.232802908;0.972523936
2.783951212;0.198008846;0.226465378;0.798700718;-1.922713907;-0.222855397;0.974851513
2.788645736;0.201684013;0.217406036;0.766980524;-1.936727592;-0.212884626;0.977077344
2.793340261;0.205209659;0.208282238;0.735002165;-1.950173286;-0.202891635;0.979201197
2.798034785;0.208584597;0.199096661;0.702776359;-1.963046162;-0.192877469;0.98122285
2.80255638;0.211691669;0.190193562;0.671513789;-1.974898975;-0.183213146;0.983073214
2.807077974;0.214656907;0.181238088;0.640041434;-1.98621216;-0.173531083;0.984828393
2.811599569;0.217479384;0.172232688;0.608369099;-1.996981948;-0.163832218;0.986488218
2.816121164;0.220158217;0.163179827;0.576506656;-2.007204755;-0.15411749;0.988052529
2.820459508;0.222592678;0.154451544;0.545766036;-2.016495919;-0.144782441;0.989463514
2.824797852;0.224893432;0.145684058;0.514868384;-2.025277558;-0.135434486;0.990786304
2.829136196;0.227059816;0.136879584;0.483822577;-2.033546983;-0.12607446;0.992020781
2.83347454;0.229091208;0.12804035;0.452637537;-2.04130166;-0.116703196;0.993166836
2.837618127;0.23090483;0.119567529;0.422730701;-2.048225425;-0.107742902;0.99417879
2.841761715;0.232594298;0.111067001;0.39271288;-2.054675519;-0.098773848;0.995109907
2.845905302;0.234159168;0.10254073;0.362591953;-2.060650139;-0.089796762;0.99596011
2.85004889;0.23559903;0.093990692;0.332375824;-2.066147617;-0.080812374;0.996729331
2.853977787;0.236848484;0.085863497;0.303644545;-2.070918162;-0.072287411;0.997383843
2.857906684;0.237984912;0.077718407;0.274841591;-2.075257148;-0.063757163;0.997965442
2.861835582;0.239008047;0.06955712;0.245973766;-2.079163487;-0.055222255;0.998474087
2.865764479;0.239917647;0.061381336;0.217047885;-2.082636197;-0.04668331;0.99890974
2.869445025;0.240666563;0.053710718;0.189903848;-2.085495238;-0.038681014;0.99925161
2.873125572;0.241315499;0.04603028;0.162720489;-2.087972342;-0.030676237;0.999529373
2.876806119;0.241864322;0.038341429;0.135503443;-2.090066965;-0.022669492;0.999743014
2.880486665;0.242312918;0.030645572;0.108258354;-2.091778646;-0.014661293;0.999892517
2.883858364;0.242635827;0.023590558;0.083279706;-2.09301028;-0.007324252;0.999973177
2.887230063;0.24287449;0.016531934;0.058286613;-2.093919999;1.32E-05;1
2.890601761;0.243028866;0.009470786;0.033283425;-2.094507635;0.007350618;0.999972984
