11995.94334	0.243144045	0.002404977	0.008257538	-2.094906592
11995.94627	0.243136405	-0.003731932	-0.013473572	-2.094875367
11995.9492	0.243065107	-0.009868394	-0.035202872	-2.094600884
11995.95213	0.24293016	-0.016003696	-0.056927508	-2.094083181
11995.95506	0.242731583	-0.022137124	-0.078644626	-2.09332233
11995.95781	0.242487648	-0.027884928	-0.098995228	-2.09238829
11995.96056	0.242187838	-0.033629872	-0.119334365	-2.091240752
11995.9633	0.241832188	-0.039371373	-0.139659686	-2.089879855
11995.96605	0.241420739	-0.045108843	-0.159968846	-2.088305767
11995.96921	0.240877355	-0.05171596	-0.183353627	-2.086227297
11995.97238	0.240259992	-0.058316051	-0.206710237	-2.083866215
11995.97554	0.239568745	-0.064908221	-0.230035095	-2.081222904
11995.97871	0.238803721	-0.071491578	-0.253324623	-2.078297798
11995.98218	0.237880031	-0.078700379	-0.278821477	-2.0747664
11995.98565	0.236867917	-0.085896335	-0.304266842	-2.070897338
11995.98912	0.235767565	-0.093078273	-0.329656028	-2.06669137
11995.9926	0.234579179	-0.100245027	-0.354984354	-2.062149322
11995.99631	0.233209337	-0.10790083	-0.382032447	-2.056914238
11996.00003	0.2317391	-0.115536461	-0.408999695	-2.051296022
11996.00375	0.230168779	-0.123150497	-0.435880402	-2.045295937
11996.00746	0.228498708	-0.130741522	-0.46266889	-2.038915334
11996.01139	0.226627044	-0.13873182	-0.490853698	-2.031765269
11996.01532	0.224644959	-0.146693221	-0.518922708	-2.024194194
11996.01924	0.222552922	-0.154624077	-0.546869316	-2.016204013
11996.02317	0.220351426	-0.162522746	-0.574686948	-2.007796729
11996.02728	0.21793008	-0.170755217	-0.603662572	-1.998550979
11996.03139	0.215389972	-0.178948761	-0.632482217	-1.988852987
11996.0355	0.21273176	-0.187101525	-0.661138459	-1.97870542
11996.03961	0.209956129	-0.195211667	-0.689623926	-1.968111071
11996.04388	0.206943712	-0.203604408	-0.719078624	-1.956614601
11996.04816	0.203805751	-0.21194696	-0.748332233	-1.944640857
11996.05244	0.200543124	-0.220237288	-0.777376608	-1.932193407
11996.05671	0.197156743	-0.228473374	-0.806203673	-1.919275963
11996.06115	0.19351748	-0.236949958	-0.835842442	-1.905396338
11996.06558	0.189747397	-0.245363918	-0.865230334	-1.891020456
11996.07001	0.185847625	-0.253713066	-0.894358585	-1.876152921
11996.07444	0.181819334	-0.261995233	-0.923218517	-1.860798496
11996.07902	0.17752245	-0.270481955	-0.952753372	-1.844423754
11996.0836	0.173090967	-0.278892499	-0.981983086	-1.827539844
11996.08819	0.168526303	-0.287224544	-1.010898379	-1.810152548
11996.09277	0.163829921	-0.2954758	-1.039490086	-1.792267815
11996.09749	0.158849091	-0.303900084	-1.068634359	-1.773304649
11996.10222	0.153731402	-0.31223354	-1.097414879	-1.753825624
11996.10694	0.148478598	-0.320473749	-1.125821969	-1.733837839
11996.11167	0.143092465	-0.328618323	-1.153846094	-1.713348581
11996.11643	0.137524843	-0.336736508	-1.181723469	-1.692175229
11996.1212	0.131825285	-0.344752566	-1.209191924	-1.670506846
11996.12597	0.125995764	-0.352664153	-1.236242113	-1.648351479
11996.13074	0.120038295	-0.36046897	-1.262864852	-1.625717351
11996.13528	0.114250346	-0.367797181	-1.287801906	-1.603734632
11996.13981	0.108350138	-0.375024676	-1.312335807	-1.581333109
11996.14435	0.102339517	-0.38214957	-1.336459049	-1.55852032
11996.14889	0.096220365	-0.389170015	-1.360164268	-1.535303945
11996.15319	0.090328503	-0.395719019	-1.38221641	-1.512957972
11996.15748	0.084342718	-0.402171258	-1.403881344	-1.490263969
11996.16178	0.078264685	-0.408525249	-1.425153182	-1.467228787
11996.16608	0.072096107	-0.414779542	-1.446026158	-1.443859381
11996.17012	0.066206779	-0.420575955	-1.465309755	-1.421556417
11996.17417	0.060240169	-0.42628156	-1.48423013	-1.398969376
11996.17821	0.054197755	-0.43189522	-1.502782773	-1.376104306
11996.18226	0.048081034	-0.437415822	-1.520963277	-1.352967329
11996.18603	0.042317069	-0.44247422	-1.537561908	-1.331173335
11996.1898	0.036491163	-0.447450048	-1.553830417	-1.309153794
11996.19357	0.030604569	-0.452342467	-1.569765484	-1.286913826
11996.19734	0.024658547	-0.457150654	-1.585363866	-1.264458599
11996.20078	0.019183257	-0.461462993	-1.599297847	-1.243789434
11996.20421	0.013660544	-0.465703966	-1.612946639	-1.222949457
11996.20765	0.008091394	-0.469872994	-1.626307959	-1.201942703
11996.21109	0.002476799	-0.473969509	-1.63937958	-1.180773237
11996.21407	-0.002428822	-0.477463311	-1.650480459	-1.16228416
11996.21706	-0.007367219	-0.480901799	-1.661360409	-1.14367846
11996.22004	-0.012337732	-0.484284631	-1.672018085	-1.124958846
11996.22302	-0.017339695	-0.48761147	-1.682452173	-1.106128044
11996.22578	-0.021995837	-0.490639886	-1.691907351	-1.088605774
11996.22854	-0.026677804	-0.49361982	-1.701168984	-1.070992824
11996.2313	-0.031385063	-0.496551025	-1.710236112	-1.05329139
11996.23406	-0.036117074	-0.49943326	-1.719107797	-1.035503679
11996.23724	-0.041597916	-0.502692346	-1.72908379	-1.014909736
11996.24042	-0.047110055	-0.505885791	-1.73879789	-0.994207662
11996.2436	-0.052652657	-0.509013259	-1.748248791	-0.973400883
11996.24677	-0.058224882	-0.512074423	-1.757435234	-0.952492841
11996.25026	-0.064363736	-0.515352224	-1.767196301	-0.929470409
11996.25374	-0.070536033	-0.518549632	-1.77663684	-0.906335117
11996.25722	-0.076740655	-0.521666261	-1.785755383	-0.883091562
11996.26071	-0.082976477	-0.524701744	-1.794550528	-0.859744359
11996.26443	-0.089675206	-0.527856263	-1.803592611	-0.834679036
11996.26815	-0.096406908	-0.530917252	-1.812262125	-0.809506274
11996.27188	-0.103170195	-0.533884323	-1.820557614	-0.784231786
11996.2756	-0.10996367	-0.536757107	-1.828477712	-0.758861303
11996.27952	-0.117153368	-0.539681876	-1.836415856	-0.73202981
11996.28345	-0.124373389	-0.542501188	-1.84393437	-0.705104874
11996.28737	-0.131622083	-0.545214687	-1.85103198	-0.678093276
11996.29129	-0.138897797	-0.547822049	-1.857707522	-0.651001813
11996.29539	-0.146522019	-0.550431012	-1.864226422	-0.622635502
11996.29949	-0.154172	-0.552923613	-1.87028292	-0.59419733
11996.30359	-0.161845845	-0.555299575	-1.875876083	-0.5656951
11996.30768	-0.169541654	-0.557558649	-1.881005112	-0.537136625
11996.31183	-0.177350807	-0.55972577	-1.885722822	-0.508184046
11996.31597	-0.185178533	-0.561772757	-1.889963895	-0.479190003
11996.32012	-0.193022855	-0.563699453	-1.893727926	-0.450162633
11996.32427	-0.200881793	-0.565505739	-1.897014651	-0.421110078
11996.32825	-0.20844025	-0.567126814	-1.899721389	-0.393196258
11996.33223	-0.216008606	-0.568636732	-1.901987919	-0.365273942
11996.33621	-0.22358511	-0.570035472	-1.903814379	-0.337350343
11996.34019	-0.231168011	-0.571323045	-1.905201027	-0.309432673
11996.34398	-0.23838692	-0.572444911	-1.906112382	-0.282883154
11996.34777	-0.245608529	-0.573466237	-1.906626388	-0.256351724
11996.35156	-0.252831333	-0.574387104	-1.906743573	-0.229844577
11996.35535	-0.260053831	-0.575207616	-1.906464567	-0.203367895
11996.35891	-0.26684239	-0.575887602	-1.905841581	-0.178509332
11996.36247	-0.27362811	-0.576479125	-1.904869739	-0.153688273
11996.36603	-0.280409748	-0.576982325	-1.903549804	-0.128909826
11996.36959	-0.287186067	-0.577397364	-1.901882613	-0.10417909
11996.37287	-0.293416183	-0.577701561	-1.900042358	-0.081467266
11996.37615	-0.299639787	-0.577931404	-1.897909575	-0.058804102
11996.37942	-0.305855924	-0.578087057	-1.895485089	-0.036193539
11996.3827	-0.312063638	-0.5781687	-1.892769783	-0.013639505
11996.38557	-0.317495252	-0.578179553	-1.890152278	0.006073108
11996.38844	-0.322919031	-0.578133868	-1.887312877	0.025736687
11996.39132	-0.328334338	-0.57803179	-1.884252274	0.045348616
11996.39419	-0.33374054	-0.577873471	-1.880971197	0.064906285
11996.39681	-0.338661518	-0.577680229	-1.877787941	0.082689743
11996.39942	-0.343573922	-0.577440487	-1.874422613	0.100423964
11996.40204	-0.348477277	-0.577154377	-1.870875833	0.11810699
11996.40466	-0.353371108	-0.576822035	-1.867148244	0.13573687
11996.4077	-0.359045182	-0.576377966	-1.862590522	0.156153571
11996.41075	-0.36470502	-0.575871894	-1.857790638	0.176492854
11996.41379	-0.370349887	-0.57530406	-1.852749711	0.196751695
11996.41683	-0.375979052	-0.574674714	-1.847468898	0.216927088
11996.42018	-0.382157815	-0.573910955	-1.841378617	0.239040409
11996.42353	-0.388315693	-0.5730733	-1.83500064	0.261044976
11996.42688	-0.394451726	-0.572162119	-1.828336678	0.282936842
11996.43023	-0.400564959	-0.571177795	-1.821388493	0.304712086
11996.43383	-0.407104645	-0.570039525	-1.813611004	0.327966321
11996.43743	-0.413615763	-0.568817841	-1.805510045	0.351076727
11996.44102	-0.420097155	-0.567513269	-1.797088018	0.374038546
11996.44462	-0.426547669	-0.566126352	-1.788347396	0.396847061
11996.44843	-0.433344906	-0.564568199	-1.778745013	0.420832732
11996.45224	-0.440104879	-0.562918982	-1.768791191	0.444635659
11996.45606	-0.446826252	-0.561179409	-1.758489133	0.468250384
11996.45987	-0.453507705	-0.559350208	-1.747842132	0.491671501
11996.46387	-0.460478803	-0.557333911	-1.736295291	0.516049331
11996.46787	-0.467402949	-0.555220515	-1.724375897	0.540201684
11996.47187	-0.47427866	-0.553010933	-1.712088071	0.564122503
11996.47587	-0.481104471	-0.550706105	-1.699436036	0.587805802
11996.48005	-0.488176295	-0.548199102	-1.685842442	0.612273033
11996.48423	-0.495190516	-0.545590444	-1.671861588	0.636468267
11996.48841	-0.502145526	-0.54288128	-1.657498634	0.660384957
11996.49258	-0.50903974	-0.540072788	-1.642758855	0.684016654
11996.49693	-0.516145167	-0.537047178	-1.627031903	0.708289985
11996.50128	-0.523181383	-0.533916774	-1.610909223	0.732241011
11996.50562	-0.53014668	-0.530682992	-1.594397147	0.755862812
11996.50997	-0.537039381	-0.527347276	-1.577502129	0.779148589
11996.51448	-0.544114803	-0.523778901	-1.559568778	0.802954479
11996.51899	-0.551108431	-0.520103989	-1.541237498	0.826383878
11996.5235	-0.558018488	-0.516324257	-1.522515931	0.849429613
11996.52801	-0.564843231	-0.512441449	-1.503411853	0.872084666
11996.53269	-0.571827105	-0.508308888	-1.483209654	0.8951532
11996.53737	-0.578715575	-0.504069458	-1.462613762	0.917786932
11996.54204	-0.585506822	-0.499725209	-1.441633293	0.939978573
11996.54672	-0.59219907	-0.495278224	-1.420277504	0.961721026
11996.55157	-0.599031095	-0.490561456	-1.397749956	0.983781572
11996.55642	-0.605752959	-0.485738928	-1.374839705	1.005344374
11996.56126	-0.612362832	-0.48081307	-1.351557538	1.026402181
11996.56611	-0.618858937	-0.475786348	-1.327914381	1.046947976
11996.5711	-0.625421832	-0.470512023	-1.303224291	1.06754477
11996.57609	-0.631860661	-0.465136336	-1.278176027	1.087585285
11996.58108	-0.638173669	-0.459662079	-1.25278195	1.107062661
11996.58607	-0.644359161	-0.454092077	-1.227054561	1.125970314
11996.59094	-0.65027119	-0.448566628	-1.201637441	1.1438673
11996.5958	-0.65605876	-0.442955396	-1.175926776	1.161210052
11996.60067	-0.66172047	-0.437261093	-1.149934547	1.177993217
11996.60554	-0.667254978	-0.431486456	-1.123672838	1.194211701
11996.61029	-0.672527933	-0.425780918	-1.097817334	1.209477874
11996.61504	-0.67767759	-0.420004203	-1.071728586	1.224198302
11996.61978	-0.682702869	-0.414158912	-1.045418065	1.23836898
11996.62453	-0.687602744	-0.408247663	-1.018897315	1.251986147
11996.62916	-0.692260158	-0.402421039	-0.992838585	1.264731214
11996.63379	-0.696796498	-0.396536636	-0.966601753	1.276943317
11996.63842	-0.701210966	-0.390596929	-0.940197715	1.288619633
11996.64305	-0.705502813	-0.384604404	-0.913637417	1.299757567
11996.64757	-0.709569569	-0.378711846	-0.887595089	1.310098772
11996.65208	-0.713518439	-0.372773757	-0.861424837	1.319923683
11996.6566	-0.717348868	-0.366792474	-0.835136929	1.32923051
11996.66111	-0.721060349	-0.360770338	-0.808741658	1.338017666
11996.66551	-0.72456282	-0.354863827	-0.782922184	1.346080629
11996.66991	-0.727951475	-0.348922922	-0.757020104	1.353647536
11996.67431	-0.731225971	-0.342949809	-0.731045009	1.360717483
11996.67872	-0.734386008	-0.336946676	-0.705006498	1.367289754
11996.683	-0.737352308	-0.331075474	-0.679604506	1.37320967
11996.68729	-0.740209676	-0.32517992	-0.654160385	1.378657048
11996.69157	-0.74295795	-0.319262039	-0.628683009	1.383631736
11996.69585	-0.745597007	-0.313323855	-0.603181242	1.388133747
11996.70002	-0.74805716	-0.307535023	-0.578381203	1.392056473
11996.70418	-0.750414024	-0.301730785	-0.553574624	1.395533209
11996.70835	-0.752667588	-0.295912996	-0.528769623	1.398564423
11996.71251	-0.754817875	-0.290083512	-0.5039743	1.401150735
11996.71655	-0.756803967	-0.284422602	-0.47995293	1.403234067
11996.72059	-0.758693128	-0.278754123	-0.455955605	1.4049008
11996.72462	-0.760485472	-0.273079755	-0.431989656	1.406151897
11996.72866	-0.762181138	-0.267401173	-0.408062388	1.406988449
11996.73256	-0.763727494	-0.261913287	-0.384992449	1.407404059
11996.73646	-0.765183977	-0.256424529	-0.361971945	1.407435199
11996.74036	-0.766550792	-0.250936398	-0.33900739	1.407083195
11996.74426	-0.767828169	-0.245450384	-0.316105275	1.406349489
11996.74801	-0.76897165	-0.24018191	-0.29416205	1.405286223
11996.75175	-0.770033026	-0.234918077	-0.272288155	1.40387338
11996.7555	-0.771012568	-0.229660191	-0.250489268	1.402112524
11996.75925	-0.771910566	-0.224409553	-0.228771035	1.400005317
11996.76282	-0.772691098	-0.219411362	-0.208144427	1.397675308
11996.7664	-0.773398078	-0.214422054	-0.187601082	1.395033644
11996.76997	-0.774031811	-0.209442739	-0.167145811	1.392081997
11996.77354	-0.774592622	-0.204474522	-0.146783396	1.388822114
11996.7769	-0.775054233	-0.199808601	-0.127703468	1.385473249
11996.78027	-0.775451817	-0.195154399	-0.108713979	1.381854415
11996.78363	-0.775785685	-0.190512821	-0.089818841	1.377967251
11996.787	-0.776056161	-0.185884768	-0.071021939	1.373813454
11996.79009	-0.77624925	-0.181640946	-0.053824027	1.369759229
11996.79318	-0.776389273	-0.177410011	-0.036715454	1.365482351
11996.79628	-0.776476511	-0.173192649	-0.019699179	1.360984265
11996.79937	-0.776511255	-0.168989544	-0.002778139	1.356266459
11996.80206	-0.776499018	-0.165345675	0.011860579	1.351985274
11996.80475	-0.776447491	-0.161713548	0.026423131	1.347540029
11996.80744	-0.776356883	-0.158093602	0.040907628	1.342931777
11996.81013	-0.776227405	-0.154486275	0.055312191	1.338161588
11996.81271	-0.776067264	-0.151045629	0.069023378	1.333444981
11996.81529	-0.775871906	-0.14761732	0.082658	1.32858199
11996.81786	-0.775641529	-0.144201724	0.096214446	1.323573614
11996.82044	-0.775376337	-0.140799214	0.109691119	1.318420868
11996.82341	-0.775027445	-0.136890905	0.125136301	1.312298811
11996.82638	-0.774632824	-0.133001068	0.140470803	1.305987626
11996.82935	-0.774192809	-0.129130261	0.155692233	1.299488959
11996.83232	-0.773707738	-0.12527904	0.170798224	1.292804487
11996.83559	-0.773123107	-0.121069909	0.187263317	1.285246189
11996.83885	-0.772484949	-0.116885817	0.203583083	1.277467858
11996.84212	-0.771793744	-0.11272748	0.219754478	1.269471845
11996.84538	-0.77104998	-0.108595605	0.235774496	1.261260544
11996.84889	-0.770192639	-0.10418541	0.252818934	1.252198697
11996.8524	-0.769275805	-0.099807441	0.269681472	1.242894094
11996.85591	-0.76830012	-0.095462546	0.286358523	1.233349865
11996.85942	-0.767266243	-0.091151559	0.302846552	1.223569197
11996.86314	-0.766106171	-0.086614648	0.320133401	1.212934753
11996.86687	-0.764882132	-0.082117823	0.337199357	1.202041618
11996.87059	-0.763594957	-0.07766204	0.354040392	1.190893795
11996.87432	-0.762245489	-0.07324824	0.370652549	1.179495348
11996.87824	-0.76075794	-0.068646382	0.387895438	1.167225005
11996.88216	-0.759203279	-0.064093176	0.40487572	1.154686178
11996.88608	-0.757582547	-0.059589663	0.421589032	1.141883838
11996.89	-0.755896797	-0.055136869	0.438031099	1.128823026
11996.89387	-0.754169849	-0.050791676	0.453993011	1.11568048
11996.89775	-0.752381625	-0.046497839	0.469682551	1.102295989
11996.90162	-0.750533189	-0.042256283	0.485095874	1.088674605
11996.90549	-0.748625616	-0.038067918	0.500229225	1.074821438
11996.90921	-0.746738378	-0.034095175	0.514500389	1.061299556
11996.91293	-0.74479855	-0.030173109	0.528506619	1.047573174
11996.91665	-0.742807122	-0.026302471	0.542244827	1.033646978
11996.92037	-0.740765098	-0.022483997	0.555712009	1.019525704
11996.92389	-0.738786517	-0.01891831	0.568207087	1.005983763
11996.92741	-0.73676438	-0.015400594	0.580454299	0.992275414
11996.93093	-0.734699563	-0.011931429	0.592451297	0.978404783
11996.93445	-0.732592952	-0.008511378	0.6041958	0.964376032
11996.93769	-0.730619809	-0.00541046	0.614770132	0.951340671
11996.94093	-0.728612784	-0.002351947	0.625127444	0.938178453
11996.94416	-0.726572583	0.000663754	0.635266114	0.924892683
11996.9474	-0.724499916	0.00363625	0.645184569	0.911486688
11996.95022	-0.722669144	0.006189215	0.653641024	0.899717391
11996.95304	-0.720814771	0.00870888	0.661928361	0.88786169
11996.95586	-0.718937275	0.011195003	0.670045633	0.875921819
11996.95868	-0.717037137	0.013647351	0.677991924	0.863900023
11996.96176	-0.714936844	0.016286529	0.686473121	0.850680992
11996.96483	-0.712810758	0.01888487	0.694748243	0.837369903
11996.96791	-0.710659516	0.021442094	0.702816212	0.823969722
11996.97099	-0.708483757	0.023957934	0.710675994	0.810483424
11996.97452	-0.705960671	0.026790243	0.719427205	0.794923956
11996.97805	-0.703407195	0.029567466	0.727902196	0.779259807
11996.98158	-0.700824304	0.032289242	0.736099613	0.763495517
11996.9851	-0.698212982	0.034955224	0.744018174	0.747635644
11996.98902	-0.695280088	0.037850888	0.752486019	0.729911384
11996.99294	-0.692314685	0.040676872	0.760606727	0.712081116
11996.99686	-0.689318136	0.043432773	0.768378859	0.694151156
11997.00078	-0.686291808	0.046118212	0.775801088	0.676127838
11997.00506	-0.682955164	0.048969393	0.783503947	0.65635018
11997.00934	-0.679586454	0.051735729	0.790786814	0.636477096
11997.01362	-0.676187479	0.05441683	0.797648422	0.6165169
11997.0179	-0.672760042	0.05701234	0.804087667	0.596477919
11997.02208	-0.669383179	0.059466971	0.809974202	0.576817182
11997.02627	-0.665982535	0.061839212	0.815455345	0.557096913
11997.03045	-0.662559805	0.06412883	0.82053051	0.537324926
11997.03464	-0.659116691	0.066335624	0.825199259	0.51750904
11997.03871	-0.655746428	0.068404477	0.829354107	0.498181092
11997.04278	-0.652360024	0.070394535	0.833123282	0.478826159
11997.04686	-0.648959052	0.072305702	0.836506782	0.459451454
11997.05093	-0.645545081	0.074137914	0.839504735	0.440064182
11997.05489	-0.642217339	0.075842315	0.842048352	0.421223613
11997.05885	-0.638880249	0.07747215	0.844228663	0.40238457
11997.06281	-0.635535248	0.079027438	0.846046144	0.383553633
11997.06676	-0.63218377	0.080508223	0.847501386	0.364737368
11997.0706	-0.628932391	0.081871678	0.848566331	0.346530339
11997.07443	-0.625677578	0.083165377	0.849292772	0.328349164
11997.07826	-0.622420628	0.08438943	0.849681558	0.310199767
11997.0821	-0.619162833	0.08554397	0.849733638	0.292088048
11997.0858	-0.616020423	0.086592033	0.849465773	0.274656774
11997.0895	-0.612879581	0.087575707	0.84888656	0.257271302
11997.09319	-0.609741454	0.088495173	0.847997115	0.239936875
11997.09689	-0.60660719	0.089350629	0.846798645	0.222658711
11997.10044	-0.603606184	0.090111067	0.845360263	0.206147002
11997.10399	-0.600610781	0.090813048	0.843640088	0.189696373
11997.10753	-0.597621977	0.091456796	0.841639403	0.173311361
11997.11108	-0.594640764	0.092042552	0.839359564	0.156996482
11997.11445	-0.591815461	0.092545721	0.836935469	0.141560485
11997.11782	-0.588998749	0.092996978	0.834261814	0.126195719
11997.12119	-0.586191469	0.093396568	0.831339941	0.110905998
11997.12456	-0.583394454	0.093744752	0.828171246	0.095695108
11997.12772	-0.580785496	0.094024413	0.824981752	0.081527119
11997.13088	-0.578186944	0.094259475	0.821578368	0.067434621
11997.13403	-0.575599469	0.09445018	0.817962374	0.053420668
11997.13719	-0.573023742	0.094596781	0.814135093	0.039488293
11997.14006	-0.57069044	0.094692086	0.810469545	0.026882414
11997.14293	-0.568367916	0.094751285	0.806631198	0.01434885
11997.14581	-0.566056664	0.094774589	0.802621141	0.001889844
11997.14868	-0.563757176	0.094762215	0.798440489	-0.010492379
11997.1511	-0.561830046	0.094724282	0.794788073	-0.020859423
11997.15352	-0.559911896	0.094661338	0.791016167	-0.031169125
11997.15594	-0.558003014	0.094573525	0.787125485	-0.04142018
11997.15835	-0.556103688	0.094460986	0.783116754	-0.051611292
11997.16092	-0.554099313	0.094314714	0.77873535	-0.062356841
11997.16349	-0.552106352	0.094140953	0.774222798	-0.073031938
11997.16605	-0.550125141	0.093939884	0.769580017	-0.083635066
11997.16862	-0.548156012	0.093711695	0.764807944	-0.094164721
11997.17153	-0.545939361	0.093420537	0.759244513	-0.106007595
11997.17444	-0.543739132	0.093095073	0.753517652	-0.117752022
11997.17735	-0.541555797	0.092735592	0.747628804	-0.129395865
11997.18026	-0.539389825	0.092342389	0.741579437	-0.140937006
11997.18343	-0.537049238	0.091875742	0.734804537	-0.153397416
11997.1866	-0.534730428	0.091369789	0.727842675	-0.165730625
11997.18977	-0.532433985	0.090824937	0.720695861	-0.177933974
11997.19294	-0.530160493	0.090241601	0.713366142	-0.190004832
11997.19633	-0.527756089	0.089575917	0.705330509	-0.202759512
11997.19972	-0.525379268	0.088867267	0.697090821	-0.215356669
11997.20311	-0.523030718	0.08811619	0.688649714	-0.227793207
11997.2065	-0.520711117	0.087323235	0.680009874	-0.240066073
11997.21008	-0.518291809	0.08644029	0.670665713	-0.252855642
11997.21366	-0.515906362	0.085511867	0.661105895	-0.265455525
11997.21724	-0.513555542	0.084538653	0.651333751	-0.277862268
11997.22083	-0.511240104	0.083521346	0.641352665	-0.290072479
11997.22459	-0.508849476	0.082407306	0.630659115	-0.302669127
11997.22834	-0.50649946	0.081246339	0.61974335	-0.315041939
11997.2321	-0.504190885	0.080039292	0.608609464	-0.327187194
11997.23586	-0.501924562	0.078787029	0.59726161	-0.339101242
11997.23979	-0.49960367	0.077431891	0.585186496	-0.351293123
11997.24371	-0.497330619	0.076029405	0.572887474	-0.363224935
11997.24764	-0.495106279	0.074580597	0.560369478	-0.374892773
11997.25156	-0.492931499	0.073086512	0.547637511	-0.386292823
11997.25545	-0.490829217	0.071564637	0.534834	-0.39730558
11997.25933	-0.488777055	0.070000509	0.521830931	-0.408048988
11997.26322	-0.486775778	0.068395181	0.508633331	-0.418519613
11997.2671	-0.484826132	0.066749719	0.495246285	-0.42871411
11997.27088	-0.482976882	0.065108922	0.482025557	-0.438378234
11997.27467	-0.481177988	0.063432057	0.468634669	-0.447774204
11997.27845	-0.479430085	0.061720147	0.455078477	-0.456899174
11997.28224	-0.47773379	0.059974222	0.441361878	-0.465750381
11997.28592	-0.476133734	0.058244148	0.427869251	-0.474095532
11997.2896	-0.474583615	0.056483837	0.414234098	-0.48217669
11997.29328	-0.473083948	0.054694266	0.400461046	-0.489991542
11997.29696	-0.471635233	0.052876419	0.386554762	-0.497537853
11997.30054	-0.4702776	0.051084978	0.372927256	-0.504607046
11997.30411	-0.468968897	0.049268724	0.359182874	-0.511419051
11997.30769	-0.467709533	0.047428579	0.345325981	-0.517972032
11997.31126	-0.466499903	0.045565472	0.331360969	-0.524264225
11997.31473	-0.465375881	0.043739611	0.317733716	-0.530109376
11997.31819	-0.464299217	0.041893936	0.304013188	-0.535706724
11997.32165	-0.463270226	0.040029308	0.290203449	-0.541054855
11997.32512	-0.462289211	0.03814659	0.276308583	-0.546152419
11997.32846	-0.46138788	0.036312581	0.262816914	-0.550834906
11997.3318	-0.460531782	0.03446331	0.249253433	-0.55528154
11997.33515	-0.459721149	0.032599567	0.235621865	-0.559491274
11997.33849	-0.458956203	0.030722145	0.22192595	-0.563463118
11997.3417	-0.458264414	0.028906015	0.208708627	-0.567054619
11997.34492	-0.457615176	0.027078701	0.1954387	-0.570424832
11997.34813	-0.457008651	0.025240916	0.182119521	-0.573573027
11997.35134	-0.456444993	0.023393374	0.168754453	-0.57649852
11997.35441	-0.455947169	0.021621719	0.155959716	-0.579082213
11997.35747	-0.455488632	0.019842455	0.143129192	-0.58146198
11997.36054	-0.455069486	0.018056208	0.130265825	-0.583637351
11997.36361	-0.454689828	0.016263604	0.117372566	-0.585607896
11997.3665	-0.454367582	0.014565223	0.105170128	-0.58728063
11997.3694	-0.454080706	0.012862265	0.092946156	-0.588770001
11997.37229	-0.453829259	0.011155258	0.080703146	-0.590075745
11997.37519	-0.453613291	0.009444737	0.068443601	-0.591197633
11997.37788	-0.453444628	0.007854433	0.057052269	-0.592074226
11997.38057	-0.453306597	0.006261985	0.045650853	-0.592792128
11997.38325	-0.453199223	0.004667822	0.034241357	-0.593351232
11997.38594	-0.453122526	0.003072369	0.02282579	-0.59375145
11997.38838	-0.453079529	0.001625778	0.01247718	-0.593976852
11997.39081	-0.453061743	0.000178796	0.002126726	-0.594071694
11997.39325	-0.453069169	-0.001268257	-0.008224079	-0.594035962
11997.39569	-0.453101807	-0.002715064	-0.018573739	-0.593869662
11997.39782	-0.45315111	-0.003982	-0.027637818	-0.593616716
11997.39995	-0.453219751	-0.005248289	-0.036698868	-0.593263617
11997.40209	-0.453307722	-0.006513718	-0.045755885	-0.592810398
11997.40422	-0.453415014	-0.007778073	-0.054807865	-0.592257102
11997.40665	-0.453560968	-0.009218677	-0.065125584	-0.591503873
11997.40909	-0.453732024	-0.010657289	-0.075433955	-0.590620598
11997.41152	-0.453928157	-0.012093594	-0.085731493	-0.589607387
11997.41396	-0.454149338	-0.013527274	-0.096016712	-0.588464367
11997.41654	-0.454411736	-0.015047239	-0.106928938	-0.58710792
11997.41913	-0.45470233	-0.016563508	-0.117823805	-0.585605299
11997.42171	-0.455021072	-0.018075702	-0.128699537	-0.583956714
11997.4243	-0.45536791	-0.019583445	-0.13955436	-0.582162397
11997.42709	-0.45577294	-0.021202351	-0.151223037	-0.580066566
11997.42987	-0.456210437	-0.022815184	-0.162863182	-0.577802229
11997.43266	-0.456680319	-0.024421474	-0.17447259	-0.575369756
11997.43544	-0.457182497	-0.026020755	-0.186049059	-0.572769543
11997.43839	-0.457749638	-0.027706891	-0.198274977	-0.569832323
11997.44135	-0.4583528	-0.029384082	-0.210458856	-0.566707852
11997.4443	-0.458991856	-0.031051776	-0.222598098	-0.563396703
11997.44725	-0.459666669	-0.032709424	-0.234690115	-0.559899479
11997.45034	-0.460412285	-0.034435696	-0.247312257	-0.556034394
11997.45344	-0.461196863	-0.036149697	-0.259876702	-0.551966321
11997.45653	-0.462020219	-0.037850799	-0.272380495	-0.547696079
11997.45962	-0.462882161	-0.039538378	-0.284820696	-0.543224529
11997.46284	-0.463819949	-0.041279628	-0.297696633	-0.538358151
11997.46606	-0.464799074	-0.043004861	-0.31049723	-0.533275777
11997.46928	-0.465819287	-0.044713383	-0.323219215	-0.527978516
11997.4725	-0.46688033	-0.046404506	-0.335859329	-0.522467525
11997.47584	-0.468021548	-0.048136245	-0.348855802	-0.516538156
11997.47917	-0.46920593	-0.049847842	-0.361757473	-0.510382383
11997.4825	-0.470433155	-0.051538545	-0.374560784	-0.504001646
11997.48584	-0.471702889	-0.053207605	-0.3872622	-0.49739744
11997.48927	-0.473056466	-0.054905381	-0.400250176	-0.490354393
11997.49271	-0.474454492	-0.056578543	-0.413122223	-0.483077089
11997.49615	-0.475896562	-0.05822629	-0.42587454	-0.475567343
11997.49959	-0.477382256	-0.059847824	-0.438503355	-0.467827026
11997.50312	-0.478954847	-0.06148689	-0.451355312	-0.459630228
11997.50665	-0.480572618	-0.063096561	-0.464068712	-0.451193887
11997.51019	-0.482235072	-0.064675995	-0.476639549	-0.442520229
11997.51372	-0.483941699	-0.066224356	-0.489063854	-0.433611545
11997.51735	-0.485737688	-0.067779502	-0.50165223	-0.424231361
11997.52097	-0.487579023	-0.069300199	-0.514078074	-0.414608955
11997.5246	-0.489465108	-0.070785575	-0.526337221	-0.404747004
11997.52823	-0.49139533	-0.072234766	-0.538425551	-0.394648252
11997.53194	-0.493416835	-0.073680259	-0.550621974	-0.384065341
11997.53565	-0.49548327	-0.075086014	-0.562630702	-0.373240197
11997.53936	-0.49759393	-0.076451139	-0.574447459	-0.362175984
11997.54307	-0.499748095	-0.07777475	-0.586068019	-0.350875936
11997.54687	-0.501994949	-0.079084315	-0.597742849	-0.339081207
11997.55067	-0.504285715	-0.080348653	-0.609203791	-0.327046978
11997.55446	-0.506619571	-0.081566863	-0.620446504	-0.314776932
11997.55826	-0.508995683	-0.082738055	-0.63146671	-0.30227483
11997.56213	-0.511465445	-0.083884896	-0.642488961	-0.289269253
11997.56601	-0.513977477	-0.084980857	-0.653270247	-0.276029731
11997.56989	-0.516530836	-0.086025039	-0.663806215	-0.262560503
11997.57377	-0.519124562	-0.087016561	-0.674092586	-0.248865887
11997.57766	-0.521769811	-0.087958721	-0.684170449	-0.234886134
11997.58156	-0.524453806	-0.088846004	-0.693987998	-0.220687887
11997.58545	-0.527175527	-0.089677567	-0.703541124	-0.206275749
11997.58935	-0.529933934	-0.090452588	-0.7128258	-0.191654394
11997.59304	-0.532579775	-0.091133863	-0.721369733	-0.177615353
11997.59673	-0.535256683	-0.091763008	-0.729665948	-0.16339693
11997.60041	-0.537963739	-0.092339368	-0.737711224	-0.149003272
11997.6041	-0.54070001	-0.092862306	-0.745502408	-0.134438581
11997.60756	-0.543287212	-0.093302886	-0.752563119	-0.12065261
11997.61101	-0.54589841	-0.093695603	-0.759395969	-0.106724012
11997.61447	-0.54853281	-0.09403997	-0.765998537	-0.092656361
11997.61792	-0.551189615	-0.094335512	-0.772368458	-0.078453267
11997.6211	-0.553655481	-0.094564103	-0.778026964	-0.065256482
11997.62428	-0.556139026	-0.094750543	-0.783484432	-0.051950796
11997.62746	-0.558639609	-0.094894489	-0.788739139	-0.038539114
11997.63064	-0.561156582	-0.09499561	-0.793789403	-0.025024365
11997.63288	-0.562933426	-0.095040848	-0.797212596	-0.015474398
11997.63511	-0.564717802	-0.095064701	-0.800533617	-0.005876096
11997.63734	-0.566509481	-0.095067063	-0.803751921	0.003769503
11997.63958	-0.568308233	-0.095047828	-0.806866974	0.01346136
11997.64181	-0.570113827	-0.095006895	-0.80987825	0.023198427
11997.64405	-0.571926031	-0.094944163	-0.812785234	0.032979652
11997.64628	-0.573744611	-0.094859536	-0.815587423	0.042803977
11997.64851	-0.575569333	-0.094752919	-0.818284322	0.052670338
11997.65109	-0.577683284	-0.094602359	-0.821266289	0.064111829
11997.65367	-0.579804742	-0.094422228	-0.824106551	0.075606272
11997.65625	-0.58193334	-0.09421239	-0.826804403	0.087152005
11997.65883	-0.584068711	-0.093972715	-0.829359157	0.098747359
11997.66174	-0.586487899	-0.093666015	-0.832071391	0.111899729
11997.66465	-0.588914716	-0.093320927	-0.834599338	0.125110812
11997.66756	-0.591348626	-0.092937285	-0.836942096	0.138378165
11997.67048	-0.593789087	-0.092514927	-0.839098794	0.151699332
11997.67364	-0.596443624	-0.092012728	-0.841227275	0.166210014
11997.67679	-0.599104536	-0.091464592	-0.843134732	0.18077797
11997.67995	-0.601771125	-0.090870343	-0.844820179	0.195400015
11997.68311	-0.604442686	-0.090229814	-0.846282679	0.210072952
11997.68647	-0.607286009	-0.089498335	-0.847591356	0.225715826
11997.68983	-0.6101333	-0.088714257	-0.848646299	0.241408661
11997.69318	-0.612983704	-0.087877418	-0.84944655	0.257147568
11997.69654	-0.615836366	-0.08698767	-0.849991208	0.272928645
11997.70006	-0.618831186	-0.085997013	-0.850286997	0.28952897
11997.70359	-0.621826549	-0.084947811	-0.850299538	0.306166867
11997.70711	-0.624821456	-0.083839941	-0.850027998	0.322837778
11997.71063	-0.627814904	-0.082673294	-0.849471619	0.339537128
11997.7143	-0.630927545	-0.081396656	-0.848589397	0.356941333
11997.71796	-0.634036383	-0.080056174	-0.847397247	0.374366183
11997.72163	-0.637140282	-0.078651784	-0.845894562	0.391806476
11997.7253	-0.640238102	-0.077183437	-0.844080822	0.409257
11997.72909	-0.643435903	-0.075596733	-0.841876176	0.427318837
11997.73288	-0.646624708	-0.073941515	-0.839337643	0.445380237
11997.73668	-0.64980325	-0.072217793	-0.836464936	0.463435395
11997.74047	-0.65297026	-0.070425603	-0.833257869	0.481478498
11997.74438	-0.656220266	-0.068507296	-0.82960331	0.500052043
11997.74829	-0.659455293	-0.066516437	-0.825593647	0.518600234
11997.7522	-0.662673952	-0.064453136	-0.821229004	0.537116697
11997.75611	-0.665874858	-0.062317531	-0.816509621	0.555595057
11997.76012	-0.6691431	-0.060048575	-0.811292541	0.57453089
11997.76414	-0.672389643	-0.057703691	-0.805701983	0.593412878
11997.76815	-0.67561299	-0.055283108	-0.799738575	0.612234119
11997.77217	-0.678811643	-0.052787084	-0.793403068	0.63098772
11997.77628	-0.682062736	-0.050150945	-0.786524666	0.650130761
11997.7804	-0.685284722	-0.047436201	-0.779257411	0.669188124
11997.78451	-0.688476002	-0.044643217	-0.771602524	0.688152428
11997.78863	-0.691634985	-0.041772394	-0.763561356	0.707016312
11997.79284	-0.694831901	-0.038755104	-0.754936114	0.726204616
11997.79705	-0.697991656	-0.035657275	-0.745909838	0.745272282
11997.80126	-0.701112565	-0.032479429	-0.736484422	0.764211502
11997.80547	-0.704192952	-0.029222125	-0.726661909	0.783014501
11997.80977	-0.707296895	-0.025812357	-0.716217391	0.802078611
11997.81407	-0.71035502	-0.022320908	-0.705363061	0.820984194
11997.81838	-0.713365571	-0.01874848	-0.694101577	0.839723076
11997.82268	-0.716326802	-0.015095805	-0.682435757	0.85828713
11997.82669	-0.719045002	-0.011614383	-0.67118373	0.875451334
11997.83071	-0.721717316	-0.008064361	-0.659584509	0.892449628
11997.83473	-0.724342355	-0.004446417	-0.647640757	0.909275523
11997.83874	-0.72691874	-0.000761256	-0.635355255	0.925922579
11997.84206	-0.729012189	0.002337396	-0.624936446	0.939553357
11997.84539	-0.731070644	0.005481115	-0.614287473	0.953053789
11997.84871	-0.733093343	0.008669461	-0.603410092	0.966420304
11997.85203	-0.735079529	0.011901985	-0.592306115	0.979649355
11997.85507	-0.736861678	0.014893652	-0.581964302	0.991613092
11997.8581	-0.738612154	0.01792145	-0.571436345	1.00345647
11997.86114	-0.740330395	0.020985009	-0.560723743	1.015176841
11997.86417	-0.742015842	0.024083953	-0.549828029	1.026771577
11997.86757	-0.743863142	0.027594783	-0.537414765	1.039599826
11997.87097	-0.745667878	0.031148926	-0.52477623	1.052263713
11997.87437	-0.747429288	0.034745816	-0.511914738	1.064759641
11997.87776	-0.749146619	0.038384877	-0.498832659	1.077084044
11997.88142	-0.750943463	0.042344862	-0.48452025	1.090142754
11997.88507	-0.752687547	0.046352193	-0.469958609	1.102994657
11997.88873	-0.754377967	0.050406104	-0.455150896	1.115635455
11997.89238	-0.75601383	0.054505817	-0.440100342	1.128060902
11997.89622	-0.757673115	0.058862469	-0.424026468	1.140881484
11997.90006	-0.759270172	0.063267881	-0.407691995	1.153454817
11997.9039	-0.760804008	0.067721094	-0.391100926	1.165776158
11997.90774	-0.762273644	0.072221133	-0.374257344	1.177840831
11997.91173	-0.763729468	0.076938215	-0.356520203	1.190081369
11997.91571	-0.765114101	0.081703495	-0.338520504	1.202035616
11997.91969	-0.766426507	0.086515824	-0.320263086	1.213698586
11997.92368	-0.767665668	0.09137403	-0.301752879	1.22506538
11997.92772	-0.768845898	0.09634383	-0.282738402	1.23627941
11997.93175	-0.769948839	0.101358282	-0.2634747	1.24717929
11997.93579	-0.770973494	0.106416107	-0.243967184	1.257760189
11997.93983	-0.771918892	0.111516007	-0.224221355	1.268017371
11997.94364	-0.772736218	0.116358108	-0.205405135	1.277380686
11997.94744	-0.773481571	0.121235271	-0.186387091	1.286448749
11997.95124	-0.774154194	0.126146366	-0.167172036	1.295217839
11997.95505	-0.774753346	0.131090249	-0.147764845	1.303684318
11997.95858	-0.775243172	0.135708218	-0.129580599	1.311270165
11997.96211	-0.775668495	0.140352509	-0.111239026	1.318589362
11997.96564	-0.776028764	0.145022176	-0.092744174	1.325639186
11997.96918	-0.776323447	0.149716263	-0.074100134	1.332416978
11997.97239	-0.776533916	0.154002294	-0.0570318	1.338338065
11997.9756	-0.776689416	0.158306963	-0.039846817	1.344030463
11997.97881	-0.776789576	0.162629532	-0.022548347	1.349492314
11997.98202	-0.776834038	0.166969259	-0.005139582	1.354721804
11997.98478	-0.776827387	0.170724844	0.009959038	1.359043533
11997.98755	-0.776778838	0.174492148	0.025135208	1.363190042
11997.99032	-0.77668818	0.178270685	0.040386835	1.367160249
11997.99309	-0.776555207	0.182059965	0.05571181	1.370953099
11997.99568	-0.776392056	0.185619387	0.070134182	1.374344718
11997.99827	-0.776191427	0.1891874	0.084617319	1.37757893
11998.00087	-0.775953166	0.192763595	0.099159454	1.380654925
11998.00346	-0.775677121	0.19634756	0.113758812	1.383571918
11998.00643	-0.775313954	0.200465615	0.130565134	1.38671962
11998.0094	-0.774900718	0.204592715	0.147441623	1.389656187
11998.01238	-0.774437207	0.20872823	0.164385557	1.392380532
11998.01535	-0.773923226	0.212871528	0.1813942	1.394891603
11998.0186	-0.773303682	0.217406978	0.200049956	1.397390365
11998.02185	-0.77262342	0.221950127	0.218776078	1.399631998
11998.0251	-0.771882217	0.22650014	0.237568937	1.401615279
11998.02834	-0.771079861	0.231056174	0.256424886	1.403339034
11998.03181	-0.770156569	0.235920704	0.276599468	1.404890123
11998.03527	-0.769163274	0.240790092	0.296837168	1.406143474
11998.03874	-0.768099764	0.245663305	0.317133495	1.407097861
11998.0422	-0.766965843	0.250539304	0.337483942	1.407752129
11998.04585	-0.765697316	0.255668559	0.358937005	1.408115207
11998.04949	-0.764350542	0.260798529	0.380439614	1.408144036
11998.05313	-0.762925351	0.265927992	0.401986459	1.407837519
11998.05677	-0.761421592	0.271055727	0.423572213	1.407194643
11998.06057	-0.759770762	0.27639624	0.44610263	1.406165792
11998.06437	-0.758034337	0.281732151	0.468663425	1.404769702
11998.06816	-0.756212213	0.287062062	0.491248507	1.403005525
11998.07196	-0.754304309	0.292384576	0.513851772	1.400872517
11998.07589	-0.752237766	0.297887911	0.537275044	1.398273808
11998.07982	-0.750079107	0.303380247	0.560704444	1.395278161
11998.08376	-0.747828321	0.308860023	0.584133146	1.391885096
11998.08769	-0.745485424	0.314325675	0.607554315	1.388094252
11998.09174	-0.742973	0.319945428	0.631691175	1.383768273
11998.0958	-0.740362751	0.325546781	0.655805234	1.379018912
11998.09985	-0.737654784	0.331128018	0.679888973	1.373846169
11998.10391	-0.734849238	0.336687423	0.703934875	1.36825018
11998.10808	-0.731863803	0.342377547	0.728605053	1.36205703
11998.11224	-0.728775656	0.348040926	0.753219141	1.355417387
11998.11641	-0.725585049	0.353675702	0.777768983	1.348331841
11998.12058	-0.722292265	0.359280017	0.80224643	1.340801134
11998.12485	-0.718809634	0.364993826	0.827265042	1.332616758
11998.12913	-0.715220259	0.370671653	0.852190196	1.323966264
11998.1334	-0.71152456	0.376311511	0.877013149	1.314850941
11998.13768	-0.70772299	0.381911416	0.901725183	1.305272243
11998.14205	-0.703721909	0.387600962	0.926900578	1.294987549
11998.14643	-0.699610951	0.393244447	0.951941308	1.284220804
11998.15081	-0.695390726	0.398839766	0.976838108	1.2729741
11998.15518	-0.691061885	0.404384822	1.001581756	1.26124971
11998.15966	-0.686524055	0.410000499	1.026714205	1.248770147
11998.16413	-0.681874169	0.41555923	1.051667164	1.235796532
11998.1686	-0.677113052	0.421058811	1.076430916	1.222331867
11998.17308	-0.672241572	0.426497052	1.100995807	1.208379344
11998.17765	-0.667151695	0.431987321	1.125876724	1.193624731
11998.18222	-0.661948598	0.437408995	1.150529905	1.178368269
11998.18679	-0.656633344	0.442759787	1.174945262	1.162613971
11998.19136	-0.651207045	0.448037433	1.199112788	1.146366054
11998.19603	-0.645552858	0.453348634	1.223524247	1.129270516
11998.2007	-0.639785372	0.458578857	1.247656485	1.11166983
11998.20537	-0.633905917	0.463725756	1.271499124	1.093569126
11998.21003	-0.627915867	0.468787009	1.295041898	1.074973746
11998.2148	-0.621688162	0.473863193	1.318756291	1.055485652
11998.21957	-0.615348245	0.478845311	1.342136884	1.035493929
11998.22433	-0.608897733	0.483730978	1.365173111	1.01500493
11998.2291	-0.602338291	0.488517839	1.387854544	0.994025226
11998.23396	-0.595530877	0.493300612	1.410634291	0.972106959
11998.23883	-0.588613588	0.497975542	1.433022686	0.949691748
11998.24369	-0.581588355	0.502540229	1.455009077	0.926787278
11998.24856	-0.574457158	0.506992312	1.476582981	0.903401455
11998.25352	-0.567066761	0.511420612	1.498180054	0.879028976
11998.25849	-0.559570175	0.515726606	1.519325303	0.854171791
11998.26346	-0.551969672	0.519907909	1.540008109	0.828839028
11998.26843	-0.544267574	0.523962181	1.560218058	0.803040041
11998.27334	-0.536555743	0.527843123	1.579722804	0.777086267
11998.27825	-0.528749285	0.531595503	1.598745751	0.750695668
11998.28317	-0.520850591	0.535217201	1.617277429	0.723877919
11998.28808	-0.512862095	0.538706141	1.635308574	0.696642888
11998.29277	-0.505151318	0.541912374	1.652053193	0.670252422
11998.29746	-0.497363096	0.544993954	1.668325324	0.64349948
11998.30215	-0.489499665	0.547949201	1.684117443	0.616393152
11998.30684	-0.481563292	0.55077648	1.699422214	0.588942675
11998.31132	-0.473926597	0.553352813	1.713561299	0.562444428
11998.31579	-0.466227649	0.5558099	1.727244341	0.535649818
11998.32027	-0.458468501	0.558146433	1.740465455	0.508567233
11998.32474	-0.450651233	0.560361144	1.753218919	0.48120517
11998.329	-0.443152306	0.56235647	1.764927962	0.454887774
11998.33327	-0.435604388	0.564239098	1.776202918	0.428332105
11998.33753	-0.428009339	0.566008026	1.787039258	0.401545778
11998.34179	-0.420369039	0.567662289	1.797432598	0.37453649
11998.34584	-0.413078708	0.569125207	1.806881776	0.348707104
11998.34988	-0.405750973	0.570483258	1.8159247	0.322690655
11998.35393	-0.398387486	0.571735699	1.82455798	0.296493913
11998.35797	-0.390989908	0.572881814	1.83277834	0.270123704
11998.36178	-0.383991681	0.573863587	1.840141431	0.245130362
11998.3656	-0.376966103	0.574749847	1.847132766	0.219994996
11998.36941	-0.369914596	0.575540063	1.8537499	0.194723444
11998.37322	-0.36283859	0.576233728	1.859990483	0.169321584
11998.37676	-0.356240235	0.576791522	1.865451861	0.145597088
11998.3803	-0.349623117	0.577265094	1.870584175	0.121769881
11998.38384	-0.342988404	0.577654089	1.875385761	0.09784477
11998.38739	-0.336337271	0.577958169	1.879855028	0.073826582
11998.39059	-0.330302636	0.578159955	1.883613297	0.052006019
11998.3938	-0.324256389	0.578291654	1.887096871	0.030116762
11998.39701	-0.318199413	0.578353049	1.890304726	0.008162443
11998.40021	-0.312132593	0.57834394	1.893235888	-0.013853293
11998.40292	-0.30701075	0.578281341	1.895491451	-0.032459469
11998.40562	-0.301883077	0.578168384	1.897549157	-0.051104502
11998.40832	-0.296750108	0.578004966	1.899408503	-0.069786187
11998.41103	-0.291612381	0.57779099	1.901069015	-0.088502317
11998.41382	-0.286299304	0.577516693	1.902575422	-0.107874929
11998.41662	-0.280982315	0.577188231	1.903868596	-0.127279499
11998.41941	-0.275662013	0.576805517	1.904948094	-0.146713574
11998.4222	-0.270338993	0.576368472	1.905813508	-0.166174693
11998.42536	-0.264311638	0.575808168	1.90653426	-0.188231183
11998.42853	-0.258282439	0.575178077	1.906979758	-0.210315582
11998.43169	-0.252252266	0.574478115	1.907149544	-0.232424304
11998.43485	-0.246221994	0.573708213	1.907043206	-0.254553757
11998.43829	-0.23966647	0.572791704	1.906613853	-0.278633387
11998.44173	-0.233112985	0.571792384	1.905857258	-0.302728642
11998.44516	-0.226562664	0.570710208	1.904773086	-0.32683489
11998.4486	-0.220016634	0.569545145	1.90336107	-0.350947492
11998.45226	-0.213051981	0.56821337	1.901496809	-0.376625926
11998.45592	-0.206094833	0.566787594	1.899260409	-0.402300694
11998.45959	-0.199146554	0.565267842	1.896651801	-0.42796619
11998.46325	-0.192208507	0.563654157	1.893671	-0.453616805
11998.4671	-0.184924002	0.5618557	1.890134501	-0.480572435
11998.47095	-0.177653906	0.559953509	1.886186633	-0.507498881
11998.4748	-0.170399801	0.557947711	1.881827724	-0.534389628
11998.47865	-0.163163271	0.555838454	1.877058208	-0.561238168
11998.48266	-0.155633968	0.553527823	1.871645192	-0.589196754
11998.48668	-0.148127303	0.551105002	1.865786577	-0.617094956
11998.4907	-0.140645066	0.548570249	1.859483223	-0.644925416
11998.49471	-0.133189041	0.545923852	1.85273611	-0.672680797
11998.49888	-0.125483	0.543060541	1.84526811	-0.701389908
11998.50305	-0.117809073	0.540077781	1.837325009	-0.730002169
11998.50722	-0.110169237	0.536975992	1.828908324	-0.75850945
11998.51139	-0.102565463	0.533755631	1.820019715	-0.786903655
11998.51543	-0.095214031	0.530513617	1.810933229	-0.81437553
11998.51948	-0.087900288	0.527160607	1.801404719	-0.841725673
11998.52353	-0.08062602	0.523697109	1.791436085	-0.868946746
11998.52758	-0.073393005	0.52012366	1.781029353	-0.896031446
11998.53143	-0.066551355	0.516622296	1.770723563	-0.921666863
11998.53529	-0.059750164	0.513022434	1.760025114	-0.947166031
11998.53914	-0.052990943	0.509324608	1.748936057	-0.972522755
11998.54299	-0.046275191	0.505529381	1.737458544	-0.997730876
11998.54661	-0.040013711	0.501879706	1.72633624	-1.021246627
11998.55022	-0.033793054	0.498145268	1.714875752	-1.044621081
11998.55384	-0.027614439	0.494326586	1.703079094	-1.067849237
11998.55745	-0.021479077	0.490424199	1.690948355	-1.090926125
11998.56076	-0.015899712	0.486777721	1.679548685	-1.111921417
11998.56407	-0.010358546	0.483061956	1.667872396	-1.132781952
11998.56739	-0.004856491	0.479277357	1.655921254	-1.15350399
11998.5707	0.000605545	0.475424388	1.643697076	-1.174083812
11998.57355	0.005280391	0.472049082	1.632943598	-1.19170431
11998.5764	0.009924267	0.468623654	1.621989911	-1.209214072
11998.57926	0.014536603	0.465148424	1.610837269	-1.226610765
11998.58211	0.019116834	0.461623719	1.599486952	-1.243892071
11998.58491	0.02358385	0.458113825	1.588147228	-1.26075163
11998.58771	0.028018819	0.454556841	1.576619323	-1.277495478
11998.59052	0.032421218	0.450953094	1.564904527	-1.294121463
11998.59332	0.036790523	0.447302917	1.553004156	-1.310627448
11998.59653	0.041754943	0.443064405	1.539143944	-1.329387562
11998.59974	0.046674473	0.438765917	1.525043968	-1.347984222
11998.60295	0.051548347	0.434407982	1.510706326	-1.366414289
11998.60616	0.056375805	0.429991141	1.496133153	-1.384674656
11998.60968	0.061606646	0.425088825	1.479911395	-1.40446732
11998.61319	0.066779975	0.420117302	1.463412874	-1.424048904
11998.61671	0.071894827	0.415077323	1.446640561	-1.443415448
11998.62023	0.076950243	0.409969648	1.429597483	-1.462563041
11998.62399	0.08229942	0.404423228	1.411041172	-1.482829782
11998.62776	0.08757814	0.39880097	1.392181473	-1.502836064
11998.63152	0.092785266	0.393103863	1.373022324	-1.522577247
11998.63529	0.09791968	0.387332916	1.353567729	-1.542048754
11998.63927	0.103272059	0.381147348	1.332665436	-1.562353124
11998.64326	0.108540501	0.374881488	1.311441842	-1.582345243
11998.64724	0.113723737	0.368536591	1.289901945	-1.602019921
11998.65123	0.118820514	0.362113932	1.268050828	-1.621372056
11998.65541	0.124077424	0.355288277	1.244779255	-1.641337987
11998.6596	0.129236272	0.348379851	1.221176371	-1.660937113
11998.66378	0.134295683	0.341390199	1.197248349	-1.680163829
11998.66797	0.139254311	0.334320893	1.173001451	-1.69901264
11998.67234	0.144325748	0.326851893	1.147335846	-1.718295414
11998.67671	0.149284264	0.31929953	1.121336489	-1.737153811
11998.68108	0.154128416	0.311665672	1.095010841	-1.755581947
11998.68545	0.158856793	0.303952212	1.068366469	-1.773574079
11998.69	0.163657209	0.295835442	1.040283552	-1.79184474
11998.69456	0.168329013	0.287636588	1.01187195	-1.809630117
11998.69911	0.172870729	0.279357876	0.983140554	-1.826924195
11998.70366	0.177280921	0.271001553	0.954098362	-1.843721128
11998.7084	0.181726416	0.262231272	0.923575189	-1.860656134
11998.71313	0.186026632	0.253382104	0.892736086	-1.877041118
11998.71787	0.190180098	0.244456668	0.861591532	-1.892870089
11998.7226	0.194185393	0.23545761	0.830152117	-1.908137264
11998.7273	0.198008846	0.226465378	0.798700718	-1.922713907
11998.73199	0.201684013	0.217406036	0.766980524	-1.936727592
11998.73669	0.205209659	0.208282238	0.735002165	-1.950173286
11998.74138	0.208584597	0.199096661	0.702776359	-1.963046162
11998.7459	0.211691669	0.190193562	0.671513789	-1.974898975
11998.75042	0.214656907	0.181238088	0.640041434	-1.98621216
11998.75494	0.217479384	0.172232688	0.608369099	-1.996981948
11998.75947	0.220158217	0.163179827	0.576506656	-2.007204755
11998.7638	0.222592678	0.154451544	0.545766036	-2.016495919
11998.76814	0.224893432	0.145684058	0.514868384	-2.025277558
11998.77248	0.227059816	0.136879584	0.483822577	-2.033546983
11998.77682	0.229091208	0.12804035	0.452637537	-2.04130166
11998.78096	0.23090483	0.119567529	0.422730701	-2.048225425
11998.78511	0.232594298	0.111067001	0.39271288	-2.054675519
11998.78925	0.234159168	0.10254073	0.362591953	-2.060650139
11998.79339	0.23559903	0.093990692	0.332375824	-2.066147617
11998.79732	0.236848484	0.085863497	0.303644545	-2.070918162
11998.80125	0.237984912	0.077718407	0.274841591	-2.075257148
11998.80518	0.239008047	0.06955712	0.245973766	-2.079163487
11998.80911	0.239917647	0.061381336	0.217047885	-2.082636197
11998.81279	0.240666563	0.053710718	0.189903848	-2.085495238
11998.81647	0.241315499	0.04603028	0.162720489	-2.087972342
11998.82015	0.241864322	0.038341429	0.135503443	-2.090066965
11998.82383	0.242312918	0.030645572	0.108258354	-2.091778646
11998.8272	0.242635827	0.023590558	0.083279706	-2.09301028
11998.83058	0.24287449	0.016531934	0.058286613	-2.093919999
11998.83395	0.243028866	0.009470786	0.033283425	-2.094507635
