0;0.022499021;-0.006351676;-9.20E-05;-0.109188769;0;1
0.003072918;0.022496455;-0.006687445;-0.00157817;-0.109342161;0.006321011;0.999980022
0.006145836;0.022489319;-0.007023655;-0.003067195;-0.10947609;0.01264177;0.99992009
0.009218754;0.022477602;-0.007360247;-0.004558818;-0.109590515;0.018962024;0.999820205
0.012291672;0.022461298;-0.007697161;-0.006052788;-0.109685398;0.02528152;0.999680371
0.015356102;0.022440465;-0.008033404;-0.007544717;-0.109760524;0.031582555;0.999501147
0.018420532;0.022415056;-0.008369848;-0.00903848;-0.109816151;0.037882335;0.999282207
0.021484962;0.022385067;-0.008706432;-0.010533826;-0.109852251;0.044180609;0.99902356
0.024549391;0.022350494;-0.009043097;-0.012030506;-0.109868799;0.050477128;0.998725217
0.027722867;0.022309855;-0.009391763;-0.013581581;-0.109865305;0.056995587;0.99837443
0.030896343;0.022264292;-0.009740384;-0.015133538;-0.1098408;0.063511618;0.997981099
0.034069819;0.022213803;-0.010088895;-0.016686097;-0.109795267;0.070024942;0.997545241
0.037243294;0.022158386;-0.010437227;-0.018238978;-0.109728693;0.076535282;0.997066874
0.040687156;0.022092671;-0.010814959;-0.019924208;-0.10963263;0.083596617;0.996499677
0.044131018;0.022021154;-0.011192318;-0.021609131;-0.109511771;0.090653756;0.995882471
0.04757488;0.021943834;-0.011569218;-0.023293389;-0.109366112;0.097706346;0.995215288
0.051018742;0.021860716;-0.011945573;-0.024976625;-0.109195659;0.104754032;0.994498161
0.054682549;0.021765929;-0.012345272;-0.026765838;-0.108987108;0.112246046;0.993680444
0.058346356;0.021664589;-0.012744154;-0.028553059;-0.108750519;0.119731684;0.992806287
0.062010163;0.021556706;-0.013142119;-0.030337856;-0.108485916;0.127210521;0.99187574
0.06567397;0.021442288;-0.013539063;-0.0321198;-0.108193329;0.134682133;0.990888855
0.069524993;0.021314993;-0.013955078;-0.033989252;-0.107855664;0.142527282;0.989790874
0.073376016;0.021180507;-0.014369733;-0.035854579;-0.10748717;0.150363487;0.988630781
0.07722704;0.021038846;-0.01478291;-0.037715282;-0.107087907;0.158190256;0.98740865
0.081078063;0.020890029;-0.01519449;-0.039570865;-0.106657939;0.166007099;0.986124558
0.085093866;0.020727244;-0.015621852;-0.041499858;-0.106176949;0.174147309;0.984719612
0.089109668;0.020556727;-0.016047216;-0.043422183;-0.105662743;0.182275636;0.983247473
0.093125471;0.020378504;-0.016470449;-0.045337281;-0.105115423;0.190391526;0.981708239
0.097141274;0.020192606;-0.016891418;-0.047244595;-0.104535101;0.198494423;0.980102017
0.10130591;0.019991746;-0.017325455;-0.049213781;-0.10389854;0.206883316;0.978365624
0.105470546;0.019782705;-0.017756768;-0.05117338;-0.103226759;0.215257026;0.976557429
0.109635183;0.019565523;-0.01818521;-0.053122776;-0.102519914;0.223614938;0.974677567
0.113799819;0.019340246;-0.018610636;-0.055061357;-0.101778172;0.23195644;0.972726174
0.118101811;0.019099086;-0.019046772;-0.057051871;-0.100975511;0.240555175;0.970635466
0.122403803;0.018849391;-0.019479375;-0.059029525;-0.100136008;0.249135072;0.968468748
0.126705794;0.018591216;-0.019908288;-0.060993653;-0.099259881;0.257695459;0.96622619
0.131007786;0.018324623;-0.020333353;-0.062943596;-0.098347362;0.266235666;0.963907968
0.135438952;0.018041288;-0.020766994;-0.064936562;-0.097369651;0.275010502;0.961441222
0.139870117;0.017749158;-0.021196219;-0.066913066;-0.096353864;0.283762489;0.958894598
0.144301283;0.017448307;-0.021620858;-0.0688724;-0.095300292;0.2924909;0.956268306
0.148732448;0.017138814;-0.022040746;-0.07081386;-0.094209239;0.301195011;0.953562565
0.153287205;0.016811766;-0.022467219;-0.072790107;-0.093049025;0.310115803;0.95069879
0.157841961;0.016475762;-0.022888319;-0.074745982;-0.091849903;0.319009372;0.94775156
0.162396718;0.016130898;-0.023303868;-0.076680738;-0.090612245;0.327874938;0.944721136
0.166951475;0.015777271;-0.023713694;-0.078593638;-0.089336439;0.336711723;0.941607782
0.171626436;0.015405305;-0.024128201;-0.080533527;-0.087987711;0.345750975;0.93832631
0.176301397;0.015024328;-0.024536311;-0.082448841;-0.086599663;0.354758253;0.934958064
0.180976358;0.014634455;-0.024937841;-0.084338805;-0.085172761;0.363732725;0.931503357
0.185651319;0.014235807;-0.02533261;-0.086202657;-0.08370748;0.37267356;0.927962509
0.190445099;0.013818045;-0.025730205;-0.088085973;-0.082165622;0.381805839;0.924242556
0.195238879;0.013391324;-0.026120315;-0.089940233;-0.080584477;0.390900992;0.920432732
0.200032658;0.012955785;-0.026502752;-0.091764646;-0.078964609;0.399958136;0.916533409
0.204826438;0.012511574;-0.026877332;-0.093558429;-0.077306596;0.408976389;0.912544965
0.209739601;0.012047456;-0.027252898;-0.095364295;-0.075568335;0.418177958;0.908365122
0.214652765;0.011574548;-0.027619828;-0.097136361;-0.073791288;0.427336815;0.904092499
0.219565928;0.011093019;-0.027977933;-0.098873824;-0.071976129;0.436452023;0.899727532
0.224479091;0.01060304;-0.028327027;-0.100575892;-0.070123549;0.445522652;0.895270666
0.22919535;0.010124912;-0.028653486;-0.102175733;-0.068310667;0.454186964;0.890906393
0.233911609;0.009639319;-0.028971317;-0.103741572;-0.066464593;0.462808528;0.886458271
0.238627868;0.009146422;-0.029280363;-0.105272746;-0.064585976;0.471386535;0.881926718
0.243344126;0.008646388;-0.029580475;-0.106768608;-0.062675482;0.479920175;0.87731216
0.247810756;0.00816639;-0.029856328;-0.10815216;-0.060837332;0.487960503;0.87286571
0.252277387;0.007680285;-0.03012391;-0.109502938;-0.058971782;0.495959638;0.868345575
0.256744017;0.007188221;-0.030383099;-0.110820424;-0.057079428;0.503916905;0.863752136
0.261210647;0.006690348;-0.030633776;-0.112104109;-0.055160875;0.511831633;0.859085781
0.265548997;0.006201356;-0.030868997;-0.113318098;-0.053272924;0.519477694;0.854484011
0.269887347;0.005707168;-0.031095975;-0.114499287;-0.051361407;0.527082384;0.849814192
0.274225696;0.005207928;-0.031314611;-0.115647241;-0.049426905;0.534645099;0.845076694
0.278564046;0.00470378;-0.031524805;-0.116761535;-0.047470005;0.542165235;0.840271895
0.282841969;0.004201993;-0.031723713;-0.117826945;-0.045519008;0.54953835;0.835468492
0.287119893;0.003695719;-0.031914229;-0.118858838;-0.043547387;0.556868912;0.830600394
0.291397816;0.003185103;-0.032096269;-0.119856835;-0.041555728;0.564156352;0.825667978
0.295675739;0.002670291;-0.032269746;-0.120820571;-0.039544621;0.571400106;0.820671627
0.299903934;0.002157484;-0.032432713;-0.12173909;-0.037538366;0.57851618;0.815670907
0.304132128;0.001640866;-0.03258716;-0.122623458;-0.035514279;0.585588492;0.810608486
0.308360323;0.001120581;-0.032733012;-0.123473351;-0.033472949;0.592616506;0.805484746
0.312588518;0.000596776;-0.032870197;-0.124288455;-0.031414971;0.599599692;0.800300075
0.316745492;7.85E-05;-0.032996555;-0.125055622;-0.02937601;0.606421036;0.795143715
0.320902466;-0.000442882;-0.033114407;-0.125788592;-0.027322112;0.613198039;0.789929215
0.32505944;-0.000967246;-0.03322369;-0.126487096;-0.025253857;0.619930206;0.784656957
0.329216413;-0.001494441;-0.033324347;-0.127150876;-0.02317183;0.626617044;0.779327325
0.33315267;-0.001996124;-0.033411657;-0.127747179;-0.021188188;0.632906616;0.774228141
0.337088927;-0.002500091;-0.033491136;-0.128311922;-0.01919323;0.639154695;0.769078199
0.341025184;-0.00300622;-0.033562742;-0.128844909;-0.017187463;0.64536087;0.763877836
0.344961441;-0.003514383;-0.033626431;-0.129345956;-0.015171398;0.651524735;0.758627392
0.348638604;-0.003990825;-0.033678743;-0.129785008;-0.013279185;0.657244297;0.753677606
0.352315766;-0.004468829;-0.033724081;-0.13019589;-0.011378854;0.662926256;0.748684699
0.355992929;-0.004948293;-0.033762417;-0.130578472;-0.009470827;0.668570286;0.743648958
0.359670092;-0.005429111;-0.033793724;-0.130932626;-0.00755553;0.674176065;0.738570669
0.363029197;-0.005869436;-0.033816156;-0.1312312;-0.005799906;0.679263267;0.733894688
0.366388303;-0.006310723;-0.033832683;-0.131505866;-0.004038899;0.684318038;0.729183669
0.369747409;-0.006752893;-0.033843285;-0.131756541;-0.002272836;0.689340137;0.724437834
0.373106514;-0.007195865;-0.033847947;-0.131983149;-0.000502047;0.694329323;0.719657412
0.37618309;-0.007602213;-0.033846991;-0.132169517;0.001123668;0.698869797;0.715248913
0.379259666;-0.008009103;-0.033841029;-0.132335583;0.002752816;0.70338228;0.710811767
0.382336242;-0.008416473;-0.03383005;-0.132481296;0.00438514;0.707866592;0.706346153
0.385412818;-0.008824259;-0.033814044;-0.132606609;0.006020386;0.712322554;0.701852249
0.388479119;-0.009231037;-0.033793081;-0.132711165;0.007652822;0.716735248;0.697345384
0.39154542;-0.009638104;-0.033767109;-0.132795376;0.009287651;0.721119428;0.692810776
0.394611721;-0.010045397;-0.033736121;-0.132859205;0.010924616;0.725474919;0.688248605
0.397678023;-0.010452855;-0.033700111;-0.132902621;0.012563463;0.729801548;0.683659053
0.400879872;-0.010878433;-0.033657143;-0.132926136;0.014276487;0.734288447;0.678837592
0.404081721;-0.01130405;-0.033608687;-0.13292733;0.015990991;0.738743495;0.673986683
0.40728357;-0.011729636;-0.03355474;-0.132906176;0.017706683;0.743166496;0.669106538
0.410485419;-0.012155117;-0.033495298;-0.132862653;0.01942327;0.74755726;0.664197368
0.413972438;-0.012618293;-0.033424308;-0.132789785;0.021293419;0.752302189;0.658818197
0.417459458;-0.013081168;-0.033346797;-0.132690344;0.023163902;0.757008412;0.653405131
0.420946477;-0.01354365;-0.033262762;-0.132564317;0.02503434;0.761675687;0.647958446
0.424433497;-0.014005646;-0.033172207;-0.132411696;0.026904355;0.766303774;0.642478425
0.428150316;-0.014497449;-0.033068505;-0.132219734;0.028896712;0.771193443;0.636600874
0.431867135;-0.014988482;-0.032957401;-0.131997559;0.030887695;0.776038033;0.630686112
0.435583954;-0.015478633;-0.032838899;-0.131745181;0.032876846;0.78083726;0.624734483
0.439300773;-0.01596779;-0.032713009;-0.131462618;0.034863703;0.785590843;0.618746335
0.443211899;-0.016481323;-0.032572569;-0.131132717;0.036951449;0.790543344;0.612406092
0.447123026;-0.0169935;-0.03242397;-0.130769458;0.039035611;0.795444676;0.60602621
0.451034152;-0.017504191;-0.032267228;-0.130372887;0.041115656;0.800294522;0.599607103
0.454945279;-0.018013267;-0.032102359;-0.129943057;0.04319105;0.805092568;0.593149185
0.459026595;-0.01854263;-0.031921672;-0.129459132;0.045351216;0.810043832;0.586369329
0.463107911;-0.019069945;-0.031732182;-0.128939142;0.047505132;0.814938003;0.579548145
0.467189227;-0.019595064;-0.031533915;-0.128383178;0.049652195;0.819774735;0.572686113
0.471270543;-0.020117841;-0.0313269;-0.127791342;0.051791802;0.824553689;0.565783717
0.47550502;-0.020657604;-0.031102903;-0.127139501;0.05400318;0.829450551;0.558580149
0.479739497;-0.021194525;-0.030869562;-0.126449301;0.056205219;0.834284483;0.551334202
0.483973974;-0.021728443;-0.030626918;-0.125720892;0.058397251;0.839055117;0.544046424
0.488208451;-0.022259196;-0.030375014;-0.124954433;0.060578614;0.843762091;0.536717369
0.492583888;-0.022804121;-0.030105046;-0.124122671;0.062820681;0.8485585;0.52910157
0.496959324;-0.023345319;-0.029825297;-0.123250667;0.065049925;0.853286172;0.521442911
0.501334761;-0.023882614;-0.029535823;-0.122338638;0.067265625;0.857944722;0.513742012
0.505710197;-0.024415831;-0.029236685;-0.121386809;0.06946706;0.862533773;0.505999496
0.510217926;-0.024960722;-0.028918463;-0.120364834;0.071719385;0.8671885;0.497980025
0.514725654;-0.025500912;-0.028590127;-0.119301149;0.073955036;0.871768668;0.489917738
0.519233382;-0.026036214;-0.028251751;-0.118196047;0.076173241;0.876273882;0.481813329
0.523741111;-0.026566442;-0.027903417;-0.117049833;0.078373235;0.880703755;0.473667494
0.528375227;-0.027106052;-0.027535024;-0.115828961;0.080615127;0.885178895;0.465250819
0.533009344;-0.027639905;-0.02715629;-0.114565341;0.082836149;0.8895736;0.456791867
0.537643461;-0.028167805;-0.026767313;-0.113259352;0.085035486;0.893887473;0.448291408
0.542277577;-0.028689555;-0.026368196;-0.111911387;0.087212333;0.89812012;0.439750213
0.547034499;-0.029218532;-0.025948067;-0.110484472;0.089422638;0.902380048;0.430941121
0.551791421;-0.029740618;-0.025517483;-0.109014219;0.091607548;0.906553575;0.422090767
0.556548343;-0.030255608;-0.025076568;-0.107501103;0.093766216;0.910640302;0.4132
0.561305265;-0.030763299;-0.024625449;-0.105945618;0.095897806;0.914639839;0.404269669
0.5661835;-0.031276148;-0.024152364;-0.104306994;0.098054766;0.918650417;0.3950714
0.571061735;-0.031780897;-0.02366883;-0.102624914;0.100181496;0.922568494;0.385833351
0.57593997;-0.032277335;-0.023174997;-0.100899962;0.102277126;0.926393674;0.37655645
0.580818205;-0.032765255;-0.022671018;-0.09913274;0.104340795;0.930125574;0.367241633
0.585818284;-0.033256309;-0.022144088;-0.097278158;0.106421956;0.933853487;0.357655792
0.590818363;-0.033737981;-0.021606841;-0.095380503;0.10846775;0.937482611;0.348032116
0.595818442;-0.034210058;-0.021059454;-0.093440478;0.110477295;0.941012564;0.338371623
0.600818521;-0.034672331;-0.020502112;-0.091458805;0.112449717;0.94444297;0.328675335
0.605943098;-0.035135724;-0.019920759;-0.089385346;0.114431837;0.947855117;0.318701548
0.611067675;-0.035588383;-0.019329352;-0.08726973;0.116373159;0.951161939;0.308692347
0.616192251;-0.036030094;-0.018728104;-0.08511279;0.118272796;0.954363069;0.298648845
0.621316828;-0.036460648;-0.018117229;-0.08291538;0.120129876;0.957458151;0.288572157
0.626435361;-0.036879351;-0.017497685;-0.08068103;0.121941433;0.960443378;0.278475344
0.631553894;-0.037286519;-0.016868982;-0.078408059;0.123708851;0.963322134;0.26834766
0.636672426;-0.037681955;-0.016231346;-0.07609737;0.125431317;0.966094098;0.258190228
0.641790959;-0.03806547;-0.015585011;-0.073749881;0.127108035;0.968758964;0.248004173
0.646688541;-0.038421097;-0.01495865;-0.07147014;0.12866883;0.971208259;0.238232066
0.651586122;-0.038765479;-0.01432475;-0.069158401;0.13018637;0.973558984;0.228435779
0.656483703;-0.039098464;-0.013683525;-0.06681551;0.131660008;0.975810899;0.218616308
0.661381285;-0.039419899;-0.013035191;-0.064442329;0.133089114;0.977963775;0.208774649
0.666055232;-0.039715752;-0.012410035;-0.062150066;0.134410875;0.979925788;0.199362607
0.670729179;-0.04000083;-0.011778797;-0.05983178;0.135691004;0.981797221;0.189932137
0.675403127;-0.040275014;-0.011141675;-0.057488251;0.136928999;0.9835779;0.18048411
0.680077074;-0.040538186;-0.010498866;-0.055120267;0.138124371;0.985267662;0.1710194
0.684526651;-0.040778392;-0.009881814;-0.052843963;0.139222327;0.986791688;0.161994336
0.688976229;-0.041008422;-0.009259963;-0.050546916;0.14028083;0.988233046;0.152955701
0.693425806;-0.041228187;-0.008633492;-0.048229828;0.1412995;0.989591616;0.143904253
0.697875383;-0.041437598;-0.008002577;-0.04589341;0.142277965;0.990867283;0.134840749
0.702090323;-0.041626342;-0.007400996;-0.043663019;0.143167431;0.991999124;0.126244755
0.706305263;-0.04180565;-0.006795744;-0.041416541;0.144020208;0.993056394;0.117639272
0.710520203;-0.041975456;-0.006186975;-0.039154596;0.144836014;0.994039014;0.109024945
0.714735143;-0.042135697;-0.005574846;-0.03687781;0.145614579;0.99494691;0.100402423
0.71887271;-0.042283634;-0.004970838;-0.034628991;0.146342377;0.995765395;0.091930837
0.723010278;-0.042422239;-0.004363894;-0.032367076;0.1470338;0.996511748;0.083452592
0.727147845;-0.042551459;-0.003754164;-0.03009267;0.147688622;0.997185917;0.074968303
0.731285412;-0.042671243;-0.003141801;-0.027806379;0.148306626;0.997787852;0.066478582
0.735312009;-0.042778711;-0.002543479;-0.025570579;0.14887251;0.998304248;0.058211928
0.739338607;-0.042877155;-0.001942949;-0.023324668;0.149403149;0.998752156;0.049941281
0.743365204;-0.042966536;-0.001340354;-0.021069218;0.149898371;0.999131545;0.041667207
0.747391801;-0.043046817;-0.000735836;-0.018804799;0.150358016;0.999442389;0.033390275
0.751175529;-0.043113932;-0.000166157;-0.016669302;0.150757376;0.999671998;0.025610478
0.754959258;-0.043172953;0.000404974;-0.014526874;0.151125067;0.999841048;0.017829129
0.758742986;-0.043223855;0.000977435;-0.012377995;0.151460977;0.999949531;0.010046699
0.762526715;-0.043266615;0.001551108;-0.010223148;0.151765002;0.999997438;0.002263662
0.766009641;-0.04329876;0.00208014;-0.00823475;0.15201659;0.999987991;-0.004900766
0.769492567;-0.043323972;0.002610001;-0.006242086;0.152241009;0.999927216;-0.012064941
0.772975493;-0.043342237;0.003140597;-0.004245534;0.152438194;0.999815115;-0.019228498
0.77645842;-0.043353542;0.003671832;-0.002245475;0.152608086;0.999651695;-0.026391067
0.779531078;-0.043357727;0.004140945;-0.000478405;0.152735262;0.999464924;-0.032708815
0.782603735;-0.04335648;0.004610416;0.001290834;0.152841122;0.999238225;-0.039025256
0.785676393;-0.043349793;0.00508018;0.00306198;0.152925635;0.998971607;-0.045340139
0.788749051;-0.043337661;0.005550171;0.004834768;0.152988773;0.998665082;-0.051653209
0.791800758;-0.043320218;0.006017116;0.006596835;0.153030302;0.998321159;-0.057921192
0.794852464;-0.043297397;0.006484156;0.008360002;0.153050703;0.997937895;-0.064186892
0.797904171;-0.043269193;0.006951226;0.010124013;0.153049961;0.997515308;-0.070450062
0.800955877;-0.043235605;0.007418262;0.011888606;0.153028063;0.997053412;-0.076710456
0.804110348;-0.043195225;0.00790092;0.01371296;0.152983178;0.996534665;-0.083178486
0.807264819;-0.043149091;0.0083834;0.015537372;0.152915668;0.995973961;-0.089643013
0.81041929;-0.043097201;0.008865632;0.017361558;0.15282553;0.995371321;-0.096103766
0.813573761;-0.043039558;0.009347544;0.01918523;0.152712763;0.994726771;-0.102560473
0.817041794;-0.042969548;0.009876904;0.021189244;0.152562676;0.993969819;-0.109653998
0.820509827;-0.04289259;0.010405697;0.02319191;0.152385251;0.993162282;-0.116741942
0.82397786;-0.042808689;0.010933827;0.025192845;0.152180503;0.992304203;-0.123823945
0.827445892;-0.042717853;0.011461199;0.02719167;0.151948453;0.991395624;-0.130899647
0.831162767;-0.042612808;0.012025464;0.029331142;0.15166947;0.990365839;-0.138475646
0.834879642;-0.042499817;0.012588633;0.031467284;0.151359194;0.989278162;-0.146043551
0.838596517;-0.042378893;0.013150592;0.03359963;0.151017669;0.988132655;-0.153602919
0.842313392;-0.042250051;0.013711222;0.035727712;0.15064495;0.986929385;-0.161153307
0.846239143;-0.042105389;0.014301789;0.037970241;0.150217476;0.985595851;-0.169117765
0.850164894;-0.041951935;0.01489061;0.040206947;0.149755347;0.984198045;-0.177071194
0.854090645;-0.041789712;0.015477548;0.042437282;0.149258651;0.982736059;-0.185013076
0.858016396;-0.041618748;0.016062469;0.044660703;0.148727483;0.981209988;-0.192942893
0.862124472;-0.041430512;0.016672249;0.04697939;0.14813485;0.97954453;-0.201227516
0.866232547;-0.04123277;0.017279516;0.049289289;0.147504715;0.977809125;-0.209497769
0.870340623;-0.041025557;0.017884119;0.05158978;0.146837218;0.976003895;-0.217753063
0.874448698;-0.040808914;0.018485902;0.053880247;0.146132509;0.974128971;-0.225992807
0.878720702;-0.04057367;0.019108546;0.05625082;0.145360386;0.972105451;-0.234544223
0.882992705;-0.040328324;0.019727805;0.058609202;0.14454839;0.970006864;-0.243077526
0.887264708;-0.040072931;0.020343512;0.060954708;0.143696726;0.967833372;-0.251592059
0.891536711;-0.039807546;0.020955495;0.063286658;0.142805612;0.965585142;-0.260087164
0.895959714;-0.039522317;0.021585008;0.06568603;0.141841676;0.963178884;-0.268861371
0.900382718;-0.039226511;0.022210166;0.068069399;0.140835964;0.960692897;-0.277613322
0.904805721;-0.038920199;0.022830783;0.070436024;0.139788755;0.958127388;-0.286342294
0.909228724;-0.038603459;0.023446677;0.072785168;0.138700343;0.955482567;-0.295047563
0.913793795;-0.038265691;0.024077209;0.075190658;0.137534087;0.952669854;-0.304006825
0.918358865;-0.037916988;0.024702317;0.07757595;0.136324618;0.949773135;-0.31293928
0.922923936;-0.037557444;0.025321806;0.079940252;0.135072303;0.946792665;-0.32184414
0.927489006;-0.037187156;0.025935482;0.082282778;0.133777522;0.943728707;-0.33072062
0.93219034;-0.036794692;0.026561194;0.084671648;0.132400126;0.940486314;-0.339831566
0.936891674;-0.036391055;0.027180327;0.087035758;0.13097856;0.937155965;-0.34891073
0.941593008;-0.035976364;0.027792674;0.089374276;0.129513288;0.933737971;-0.357957262
0.946294342;-0.03555074;0.02839803;0.09168638;0.128004792;0.930232651;-0.366970318
0.951128805;-0.035101795;0.029013025;0.094035551;0.126409022;0.926537346;-0.376202799
0.955963268;-0.034641565;0.029620197;0.096355054;0.124768626;0.922750412;-0.385398075
0.96079773;-0.034170194;0.030219332;0.098644026;0.123084175;0.918872224;-0.394555238
0.965632193;-0.033687834;0.030810219;0.100901614;0.121356261;0.914903165;-0.403673382
0.970599111;-0.033180973;0.031408484;0.103187486;0.119536377;0.910731133;-0.412999761
0.975566029;-0.032662844;0.0319976;0.105438445;0.117671933;0.906464033;-0.422283029
0.980532947;-0.032133624;0.032577345;0.107653605;0.115763621;0.90210231;-0.431522216
0.985499866;-0.031593491;0.033147505;0.109832095;0.113812156;0.897646419;-0.440716357
0.990601026;-0.031027596;0.033722874;0.112030396;0.111763793;0.892972566;-0.450111094
0.995702186;-0.03045059;0.034287681;0.114188203;0.10967149;0.888200391;-0.459456271
1.000803346;-0.029862682;0.034841704;0.116304622;0.107536075;0.88333042;-0.46875086
1.005904507;-0.029264085;0.035384726;0.118378775;0.105358394;0.878363189;-0.477993836
1.011144401;-0.028638308;0.035930838;0.120464429;0.103078389;0.873160178;-0.487433384
1.016384295;-0.028001724;0.036464891;0.122503668;0.100755656;0.867855726;-0.496816303
1.021624189;-0.027354578;0.036986663;0.1244956;0.09839117;0.86245045;-0.506141504
1.026864084;-0.026697121;0.037495939;0.126439354;0.095985924;0.856944977;-0.515407903
1.0321151;-0.026028179;0.037993547;0.128338049;0.093535701;0.851327945;-0.524633901
1.037366116;-0.025349398;0.038478186;0.130186675;0.091046599;0.845611589;-0.53379869
1.042617132;-0.024661043;0.038949655;0.13198442;0.088519673;0.839796575;-0.5429012
1.047868149;-0.023963384;0.039407758;0.133730496;0.085955995;0.833883582;-0.55194037
1.052936999;-0.023281358;0.039837112;0.135366268;0.083447413;0.828083427;-0.560604886
1.058005849;-0.022591165;0.040253668;0.136952512;0.080906591;0.822193246;-0.569208456
1.0630747;-0.021893059;0.040657266;0.138488581;0.078334536;0.81621368;-0.577750144
1.06814355;-0.021187295;0.041047749;0.139973847;0.075732268;0.810145379;-0.586229021
1.073031643;-0.020499689;0.041411746;0.141357463;0.073195148;0.804210048;-0.594345184
1.077919736;-0.019805437;0.041763276;0.142692747;0.070631827;0.798193412;-0.602401259
1.082807829;-0.019104777;0.042102214;0.143979193;0.068043254;0.792096078;-0.610396431
1.087695922;-0.01839795;0.04242844;0.145216315;0.065430384;0.785918663;-0.618329892
1.092407322;-0.017711062;0.042730732;0.146361597;0.062889872;0.779889339;-0.625917422
1.097118723;-0.017018887;0.043021006;0.147460219;0.060328559;0.773786765;-0.633446164
1.101830123;-0.016321647;0.043299165;0.148511795;0.057747327;0.767611515;-0.64091541
1.106541523;-0.015619565;0.043565118;0.149515956;0.055147063;0.761364168;-0.648324459
1.111075188;-0.014939604;0.043809431;0.150437143;0.052627758;0.755284977;-0.655396524
1.115608854;-0.014255568;0.044042287;0.151313802;0.050092463;0.749140099;-0.662411589
1.120142519;-0.01356766;0.044263613;0.152145648;0.047541985;0.742930067;-0.669369043
1.124676184;-0.012876082;0.044473344;0.152932413;0.044977138;0.736655422;-0.676268282
1.129025586;-0.012209353;0.044663593;0.153644597;0.042503789;0.730575579;-0.682831841
1.133374988;-0.011539618;0.044843059;0.154314846;0.040018695;0.724437257;-0.689340743
1.13772439;-0.01086706;0.045011692;0.154942962;0.037522586;0.718240948;-0.695794467
1.142073791;-0.010191861;0.045169446;0.155528759;0.035016197;0.711987147;-0.702192497
1.14622587;-0.009545002;0.045309853;0.156048339;0.032614601;0.705963889;-0.708247829
1.15037795;-0.008896065;0.045440271;0.156529058;0.03020495;0.699889132;-0.714251498
1.154530029;-0.008245213;0.045560669;0.156970788;0.027787891;0.693763322;-0.720203064
1.158682108;-0.007592609;0.045671017;0.157373411;0.02536407;0.687586903;-0.726102094
1.162614698;-0.006973034;0.04576624;0.157718593;0.023062732;0.681690729;-0.731640452
1.166547287;-0.00635217;0.045852403;0.158028518;0.020756464;0.675749946;-0.737130932
1.170479877;-0.005730157;0.045929488;0.158303113;0.018445822;0.669764943;-0.742573176
1.174412466;-0.005107134;0.045997478;0.158542315;0.01613136;0.663736112;-0.747966827
1.178088353;-0.004523989;0.046052794;0.15873385;0.013965014;0.658061535;-0.752964153
1.18176424;-0.003940197;0.046100142;0.158894377;0.011796273;0.652349334;-0.75791843
1.185440127;-0.003355871;0.046139515;0.159023863;0.009625592;0.646599836;-0.762829373
1.189116015;-0.002771127;0.046170906;0.159122286;0.007453427;0.640813369;-0.767696702
1.192467308;-0.00223775;0.046192565;0.159184932;0.005472164;0.635505932;-0.772095985
1.1958186;-0.001704205;0.046207583;0.159221736;0.003490393;0.630168294;-0.776458577
1.199169893;-0.001170581;0.046215959;0.159232695;0.00150846;0.624800708;-0.780784269
1.202521186;-0.000636964;0.046217694;0.159217808;-0.000473289;0.619403431;-0.785072857
1.205563748;-0.000152583;0.046213517;0.159181914;-0.002272025;0.614477866;-0.788934061
1.20860631;0.000331657;0.046203869;0.159124731;-0.004070065;0.609528233;-0.792764362
1.211648873;0.00081569;0.046188751;0.15904627;-0.00586715;0.604554724;-0.796563611
1.214691435;0.001299451;0.046168168;0.158946544;-0.007663024;0.599557534;-0.800331658
1.217733266;0.001782761;0.046142129;0.158825602;-0.009456996;0.594538068;-0.804067463
1.220775098;0.002265671;0.046110636;0.158683445;-0.01124924;0.589495325;-0.807771788
1.22381693;0.002748117;0.046073695;0.158520094;-0.013039498;0.584429503;-0.811444487
1.226858761;0.003230033;0.046031311;0.158335578;-0.014827513;0.579340799;-0.815085418
1.230150976;0.003750946;0.045979314;0.158112058;-0.01675988;0.573807675;-0.81899008
1.23344319;0.004271083;0.04592096;0.157863823;-0.018688994;0.568248236;-0.822857182
1.236735405;0.004790362;0.045856261;0.157590917;-0.020614529;0.562662735;-0.826686547
1.240027619;0.005308702;0.045785229;0.157293394;-0.022536162;0.55705143;-0.830477998
1.243610155;0.00587159;0.045700754;0.156941727;-0.024622441;0.550916278;-0.834560516
1.24719269;0.006433166;0.045608814;0.156561051;-0.026703302;0.544751208;-0.838597711
1.250775226;0.006993327;0.04550943;0.156151449;-0.028778329;0.538556554;-0.842589365
1.254357762;0.007551968;0.045402623;0.15571301;-0.03084711;0.532332653;-0.84653526
1.258177673;0.008145835;0.045280588;0.15521386;-0.033045622;0.525664523;-0.850691959
1.261997585;0.008737733;0.04515017;0.154682156;-0.035236068;0.518963938;-0.854796134
1.265817497;0.009327538;0.045011402;0.154118027;-0.037417952;0.51223131;-0.858847533
1.269637408;0.009915127;0.044864315;0.153521612;-0.039590781;0.505467056;-0.862845904
1.273661453;0.010531582;0.044700412;0.152858564;-0.04186939;0.498307579;-0.867000321
1.277685498;0.011145299;0.044527362;0.152160028;-0.044136835;0.491113959;-0.871095333
1.281709543;0.011756133;0.044345211;0.151426192;-0.046392547;0.483886689;-0.87513066
1.285733588;0.012363943;0.044154007;0.150657254;-0.048635962;0.476626265;-0.879106025
1.289939563;0.012995848;0.043944538;0.149816257;-0.05096705;0.469002695;-0.883196734
1.294145538;0.013624137;0.043725295;0.148937385;-0.053283454;0.461344019;-0.887221334
1.298351512;0.014248649;0.043496342;0.148020896;-0.055584539;0.453650811;-0.891179523
1.302557487;0.014869229;0.043257743;0.147067057;-0.057869679;0.445923645;-0.895071004
1.306930255;0.015510079;0.04299953;0.146036093;-0.060227863;0.437854665;-0.899045768
1.311303024;0.016146335;0.042731045;0.144965387;-0.062567442;0.429750259;-0.902947792
1.315675793;0.016777822;0.042452372;0.143855276;-0.064887728;0.421611083;-0.906776761
1.320048562;0.01740437;0.042163596;0.14270611;-0.067188037;0.413437795;-0.910532366
1.324577973;0.018047972;0.041853919;0.141474987;-0.069548964;0.404936462;-0.914344826
1.329107384;0.018685904;0.041533599;0.140202766;-0.071886987;0.396399977;-0.918077915
1.333636795;0.019317982;0.041202743;0.138889877;-0.07420137;0.387829082;-0.921731307
1.338166207;0.019944022;0.040861459;0.137536762;-0.076491383;0.37922452;-0.925304687
1.342845972;0.02058431;0.040498012;0.136096964;-0.078831054;0.370299762;-0.928912313
1.347525737;0.021217761;0.04012368;0.13461523;-0.081143158;0.36134069;-0.932433861
1.352205502;0.02184418;0.039738595;0.133092093;-0.08342692;0.352348133;-0.935869004
1.356885266;0.022463376;0.039342889;0.131528099;-0.085681576;0.343322926;-0.939217424
1.361712384;0.023094299;0.038923744;0.129872648;-0.087975932;0.333980216;-0.942580084
1.366539502;0.023717129;0.038493601;0.128174957;-0.090237704;0.324604578;-0.945849813
1.371366619;0.024331664;0.038052621;0.126435672;-0.092466088;0.315196936;-0.949026286
1.376193737;0.024937703;0.037600967;0.124655458;-0.094660296;0.305758218;-0.952109191
1.381168285;0.025553158;0.037124526;0.122778766;-0.096884942;0.29599969;-0.955188036
1.386142833;0.026159171;0.036637112;0.120860085;-0.099071633;0.28621017;-0.958166864
1.39111738;0.026755538;0.036138917;0.118900192;-0.10121955;0.27639068;-0.961045364
1.396091928;0.027342054;0.035630135;0.116899878;-0.10332789;0.26654225;-0.963823235
1.401217168;0.027935824;0.035095078;0.114797547;-0.105457873;0.256366308;-0.9665797
1.406342407;0.028518713;0.034549216;0.112654067;-0.107544169;0.24616187;-0.969228731
1.411467646;0.029090513;0.033992775;0.110470357;-0.109585954;0.235930072;-0.971770035
1.416592886;0.02965102;0.033425985;0.108247351;-0.111582425;0.225672052;-0.974203328
1.421875728;0.030216733;0.032831182;0.105915867;-0.113592034;0.215072354;-0.976598117
1.42715857;0.030770024;0.032225895;0.103544702;-0.11555183;0.20444726;-0.978877581
1.432441411;0.031310686;0.031610388;0.101134936;-0.117461001;0.193798022;-0.98104145
1.437724253;0.031838517;0.03098493;0.09868766;-0.119318757;0.183125899;-0.98308947
1.442894663;0.032342505;0.030363411;0.096257216;-0.121086454;0.172659957;-0.984981492
1.448065073;0.032833838;0.029732884;0.093792962;-0.122803473;0.162174485;-0.986762097
1.453235483;0.033312344;0.029093611;0.091295968;-0.124469139;0.151670668;-0.988431084
1.458405892;0.033777858;0.028445861;0.088767317;-0.126082803;0.141149694;-0.989988264
1.463413596;0.034216185;0.027810667;0.086289096;-0.127595522;0.13094457;-0.991389691
1.4684213;0.034642033;0.027168023;0.083783217;-0.129058323;0.120725551;-0.992685923
1.473429004;0.035055264;0.026518179;0.081250697;-0.130470676;0.110493722;-0.993876822
1.478436707;0.035455749;0.025861391;0.078692567;-0.131832075;0.100250169;-0.994962262
1.483285731;0.035831277;0.025219037;0.076192069;-0.133101319;0.090321058;-0.9959127
1.488134754;0.036194627;0.024570647;0.073669483;-0.134321907;0.08038296;-0.996764054
1.492983778;0.036545693;0.023916456;0.07112577;-0.135493436;0.070436866;-0.997516239
1.497832801;0.036884376;0.023256705;0.068561896;-0.136615523;0.060483763;-0.998169181
1.502525034;0.037200227;0.022613219;0.066062647;-0.137653912;0.050846751;-0.998706467
1.507217266;0.037504312;0.02196497;0.063546322;-0.138645347;0.041205002;-0.999150713
1.511909498;0.03779655;0.02131218;0.061013816;-0.139589533;0.031559414;-0.999501878
1.51660173;0.03807687;0.020655071;0.058466028;-0.140486188;0.021910887;-0.999759928
1.521135129;0.038336314;0.020016314;0.055990818;-0.141307102;0.012587017;-0.99992078
1.525668527;0.038584508;0.019373936;0.05350301;-0.142083183;0.003262054;-0.999994679
1.530201925;0.038821397;0.018728143;0.051003426;-0.142814226;-0.006063194;-0.999981619
1.534735323;0.039046929;0.018079137;0.048492895;-0.14350004;-0.015387914;-0.999881599
1.539103645;0.03925346;0.017450918;0.046064199;-0.144117929;-0.024371833;-0.999702963
1.543471967;0.039449363;0.016820092;0.043626857;-0.144693516;-0.033353785;-0.999443608
1.547840289;0.039634601;0.016186844;0.041181615;-0.145226672;-0.042333043;-0.999103555
1.552208611;0.039809142;0.01555136;0.038729224;-0.14571728;-0.051308884;-0.998682832
1.556400585;0.03996655;0.0149396;0.036369811;-0.146147981;-0.059918487;-0.998203273
1.56059256;0.040114057;0.014326118;0.034005173;-0.146539324;-0.068523635;-0.997649493
1.564784535;0.040251641;0.013711077;0.031635977;-0.146891242;-0.077123688;-0.997021533
1.568976509;0.040379286;0.013094644;0.029262892;-0.147203677;-0.085718006;-0.996319438
1.572974014;0.040491736;0.012505663;0.026996886;-0.147464799;-0.093907698;-0.995580908
1.576971519;0.040595123;0.01191571;0.024728532;-0.147689946;-0.102091041;-0.99477506
1.580969024;0.040689439;0.011324928;0.022458411;-0.147879097;-0.11026748;-0.993901948
1.584966529;0.040774677;0.010733463;0.020187102;-0.148032242;-0.118436464;-0.992961633
1.588740765;0.04084682;0.010174534;0.018042085;-0.148143786;-0.126141852;-0.992012214
1.592515001;0.040910867;0.009615244;0.015897017;-0.148223238;-0.133839637;-0.991003003
1.596289237;0.040966819;0.009055715;0.013752386;-0.148270613;-0.141529354;-0.989934059
1.600063473;0.041014678;0.008496068;0.011608681;-0.148285932;-0.149210541;-0.988805448
1.603566092;0.041051856;0.007976696;0.009620503;-0.148271496;-0.15633091;-0.987704737
1.607068712;0.041082073;0.007457423;0.007633931;-0.148229505;-0.163443162;-0.986552752
1.610571332;0.041105336;0.006938345;0.005649354;-0.148159995;-0.170546931;-0.985349554
1.614073952;0.041121651;0.006419558;0.003667161;-0.148063005;-0.177641846;-0.984095206
1.617210988;0.041130374;0.005955246;0.001894199;-0.147952848;-0.183988416;-0.982928412
1.620348024;0.041133538;0.005491315;0.000123737;-0.147820723;-0.190327324;-0.981720688
1.62348506;0.041131153;0.005027832;-0.001643947;-0.147666668;-0.196658307;-0.980472085
1.626622095;0.041123227;0.004564866;-0.003408575;-0.147490727;-0.202981102;-0.979182655
1.629670411;0.041110227;0.004115555;-0.005120109;-0.14729884;-0.209116983;-0.977890632
1.632718726;0.041092015;0.00366686;-0.006828245;-0.147086379;-0.215244642;-0.976560159
1.635767042;0.041068602;0.003218845;-0.008532731;-0.146853393;-0.221363837;-0.97519129
1.638815357;0.041039998;0.00277157;-0.010233315;-0.146599935;-0.22747433;-0.973784077
1.641882624;0.041005991;0.002322327;-0.011940279;-0.146324294;-0.233613783;-0.972329471
1.644949891;0.040966755;0.00187396;-0.013642786;-0.146028042;-0.239743937;-0.970836158
1.648017158;0.040922304;0.001426534;-0.015340579;-0.145711242;-0.245864546;-0.969304196
1.651084425;0.040872653;0.00098011;-0.017033406;-0.14537396;-0.251975368;-0.967733648
1.654487691;0.040811496;0.000486034;-0.018905554;-0.144975846;-0.258743842;-0.965945974
1.657890958;0.040743979;-6.64E-06;-0.020770936;-0.144552703;-0.265499634;-0.964110961
1.661294224;0.040670126;-0.00049784;-0.022629208;-0.144104634;-0.272242415;-0.962228698
1.66469749;0.040589961;-0.000987469;-0.024480033;-0.143631749;-0.278971854;-0.960299279
1.668365813;0.040496514;-0.001513379;-0.026466275;-0.143094374;-0.286210082;-0.95816689
1.672034136;0.040395799;-0.002037266;-0.028443048;-0.142528447;-0.293432014;-0.955979944
1.675702458;0.04028785;-0.002559025;-0.030409933;-0.141934122;-0.300637238;-0.953738565
1.679370781;0.040172705;-0.003078552;-0.032366512;-0.141311561;-0.307825344;-0.951442882
1.683262913;0.040042709;-0.003627221;-0.034430736;-0.140620329;-0.315432833;-0.948947906
1.687155046;0.039904703;-0.004173137;-0.036482401;-0.139897705;-0.323020103;-0.946392103
1.691047178;0.039758737;-0.004716181;-0.038521018;-0.139143904;-0.330586668;-0.943775638
1.69493931;0.039604863;-0.00525623;-0.040546104;-0.138359148;-0.338132042;-0.941098678
1.699028789;0.039434725;-0.005820305;-0.042658764;-0.137501504;-0.346036639;-0.938221
1.703118268;0.03925598;-0.006380803;-0.044755401;-0.136610217;-0.353916749;-0.93527693
1.707207747;0.039068695;-0.006937589;-0.046835466;-0.135685571;-0.361771814;-0.932266676
1.711297226;0.038872938;-0.007490525;-0.048898415;-0.134727861;-0.369601279;-0.929190451
1.71541561;0.038667308;-0.008043343;-0.050958104;-0.133730272;-0.37745965;-0.926026032
1.719533994;0.038453234;-0.008591985;-0.052999343;-0.132699776;-0.385290932;-0.922795155
1.723652378;0.038230791;-0.009136316;-0.055021594;-0.1316367;-0.393094562;-0.919498051
1.727770762;0.03800006;-0.009676202;-0.057024325;-0.130541381;-0.400869981;-0.916134956
1.731917878;0.037759427;-0.010215229;-0.059020767;-0.129406189;-0.408670573;-0.912681962
1.736064994;0.037510557;-0.010749482;-0.060996348;-0.128239014;-0.416441424;-0.909162549
1.74021211;0.037253539;-0.011278829;-0.062950541;-0.127040227;-0.424181971;-0.905576974
1.744359225;0.036988461;-0.01180314;-0.064882827;-0.125810207;-0.431891648;-0.901925498
1.748681397;0.036703717;-0.012344084;-0.06687281;-0.124495447;-0.439893307;-0.898050042
1.753003569;0.036410425;-0.012879274;-0.068837868;-0.123147632;-0.447860194;-0.8941036
1.757325742;0.036108695;-0.013408568;-0.070777435;-0.121767223;-0.455791679;-0.890086482
1.761647914;0.035798638;-0.013931826;-0.072690956;-0.120354687;-0.463687137;-0.885999006
1.766158038;0.035466343;-0.014471253;-0.074659324;-0.118846991;-0.471886845;-0.881659121
1.770668162;0.035125237;-0.015003804;-0.076598122;-0.11730539;-0.480045938;-0.877243351
1.775178286;0.034775455;-0.015529327;-0.078506748;-0.115730449;-0.488163714;-0.872752077
1.779688411;0.034417133;-0.016047672;-0.080384612;-0.114122746;-0.496239473;-0.868185686
1.784380555;0.034035438;-0.016579162;-0.082304987;-0.112416017;-0.504595814;-0.8633557
1.7890727;0.033644813;-0.017102563;-0.084190798;-0.110675137;-0.512905147;-0.858445286
1.793764844;0.033245422;-0.017617717;-0.086041417;-0.10890079;-0.5211667;-0.853454902
1.798456988;0.032837432;-0.018124468;-0.08785623;-0.107093674;-0.529379703;-0.848385013
1.803330636;0.032404736;-0.018641762;-0.089702689;-0.105182719;-0.53785818;-0.843035336
1.808204284;0.031963138;-0.019149661;-0.091509215;-0.103237982;-0.5462826;-0.837600932
1.813077932;0.031512835;-0.019648;-0.093275165;-0.101260282;-0.554652117;-0.832082345
1.81795158;0.031054024;-0.020136622;-0.094999918;-0.099250451;-0.562965889;-0.826480131
1.823011417;0.030568903;-0.020633465;-0.096746322;-0.097130746;-0.5715374;-0.820576018
1.828071254;0.03007506;-0.021119498;-0.098447007;-0.094978276;-0.580046996;-0.814583011
1.833131091;0.029572729;-0.02159456;-0.100101332;-0.092794011;-0.588493757;-0.808501762
1.838190928;0.029062147;-0.022058492;-0.10170868;-0.090578935;-0.596876766;-0.802332928
1.843216597;0.028547079;-0.022508121;-0.10325808;-0.088349301;-0.605139161;-0.796119712
1.848242265;0.028024344;-0.022946473;-0.104759979;-0.086091241;-0.613336885;-0.789821414
1.853267934;0.027494182;-0.023373407;-0.106213831;-0.083805753;-0.621469061;-0.783438706
1.858293602;0.026956835;-0.023788788;-0.107619114;-0.081493847;-0.629534819;-0.776972272
1.863174494;0.026428323;-0.024181022;-0.108936945;-0.079224219;-0.637303832;-0.77061263
1.868055386;0.025893492;-0.024562121;-0.110208049;-0.076931577;-0.645008603;-0.764175309
1.872936278;0.025352572;-0.024931975;-0.111432001;-0.074616874;-0.652648355;-0.757660956
1.87781717;0.024805794;-0.02529048;-0.1126084;-0.072281067;-0.660222319;-0.751070229
1.882552853;0.024269904;-0.025627376;-0.113703984;-0.069995496;-0.667507349;-0.744603209
1.887288537;0.023728934;-0.025953404;-0.114754108;-0.067691858;-0.674729037;-0.73806553
1.89202422;0.023183098;-0.026268483;-0.115758455;-0.065371049;-0.681886697;-0.731457813
1.896759903;0.022632616;-0.026572532;-0.116716727;-0.063033972;-0.688979651;-0.724780685
1.901350421;0.022094778;-0.026856662;-0.117601384;-0.060753861;-0.695792782;-0.718242581
1.905940939;0.02155298;-0.027130294;-0.118442244;-0.058460145;-0.702543872;-0.711640435
1.910531456;0.021007423;-0.027393368;-0.119239085;-0.056153659;-0.709232319;-0.704974834
1.915121974;0.02045831;-0.027645825;-0.119991699;-0.05383524;-0.715857528;-0.698246375
1.919564158;0.019923745;-0.027879968;-0.120677707;-0.051581169;-0.722207892;-0.691676052
1.924006342;0.019386226;-0.028104077;-0.121321961;-0.049317479;-0.728497955;-0.685047977
1.928448526;0.018845939;-0.02831811;-0.121924314;-0.047044937;-0.73472719;-0.678362702
1.93289071;0.018303068;-0.028522029;-0.122484637;-0.044764315;-0.740895079;-0.671620787
1.937177734;0.017776886;-0.028709205;-0.122985423;-0.042556415;-0.746788877;-0.66506118
1.941464757;0.017248642;-0.028886901;-0.12344686;-0.040342404;-0.752624601;-0.658449853
1.945751781;0.016718503;-0.029055095;-0.123868868;-0.03812298;-0.758401797;-0.651787322
1.950038804;0.016186641;-0.029213763;-0.124251379;-0.035898842;-0.764120016;-0.645074105
1.954159338;0.015673965;-0.029357274;-0.124581755;-0.033757287;-0.769560164;-0.638574314
1.958279872;0.015160004;-0.029491955;-0.124875552;-0.031612645;-0.774945024;-0.632028646
1.962400406;0.014644908;-0.029617793;-0.12513274;-0.029465538;-0.780274211;-0.625437571
1.96652094;0.014128827;-0.02973478;-0.125353302;-0.027316588;-0.785547341;-0.618801564
1.970457443;0.013635015;-0.029838269;-0.125529797;-0.025262466;-0.790532257;-0.612420403
1.974393946;0.013140574;-0.02993367;-0.12567286;-0.023207772;-0.795465339;-0.605999088
1.97833045;0.012645636;-0.030020984;-0.125782503;-0.02115305;-0.800346264;-0.599538037
1.982266953;0.012150331;-0.030100209;-0.125858746;-0.019098841;-0.805174711;-0.593037676
1.985992207;0.011681389;-0.030167738;-0.125900163;-0.017155831;-0.809695428;-0.586850334
1.989717461;0.011212348;-0.030228031;-0.125911727;-0.015214224;-0.814168599;-0.580628532
1.993442715;0.01074332;-0.030281094;-0.125893476;-0.013274478;-0.818593963;-0.574372635
1.997167969;0.010274415;-0.030326935;-0.125845456;-0.011337048;-0.822971258;-0.568083011
2.000637302;0.009837932;-0.030363141;-0.125774009;-0.009535203;-0.827004384;-0.562195472
2.004106634;0.009401741;-0.0303931;-0.125676837;-0.007736131;-0.830995391;-0.556279301
2.007575967;0.008965932;-0.030416823;-0.125553993;-0.005940199;-0.834944075;-0.550334799
2.011045299;0.008530593;-0.030434321;-0.125405535;-0.004147772;-0.838850237;-0.544362269
2.014174727;0.008138384;-0.030444776;-0.125249702;-0.002534267;-0.842337053;-0.538951101
2.017304154;0.007746695;-0.030450186;-0.125073132;-0.000924178;-0.845788963;-0.5335176
2.020433582;0.007355591;-0.030450564;-0.124875877;0.000682227;-0.849205826;-0.52806199
2.023563009;0.006965137;-0.03044592;-0.124657995;0.002284684;-0.852587498;-0.522584499
2.026620571;0.006584338;-0.030436546;-0.124425253;0.003846274;-0.85585739;-0.517211879
2.029678132;0.006204281;-0.030422404;-0.124172938;0.005403595;-0.859093427;-0.5118188
2.032735694;0.005825025;-0.030403507;-0.123901113;0.006956403;-0.86229548;-0.506405474
2.035793255;0.00544663;-0.03037987;-0.123609844;0.008504452;-0.865463424;-0.500972117
2.038857641;0.005068314;-0.030351438;-0.123298486;0.010050938;-0.868604088;-0.495506749
2.041922027;0.004690982;-0.030318275;-0.122967738;0.011592155;-0.871710239;-0.490021693
2.044986413;0.004314693;-0.030280398;-0.122617677;0.01312786;-0.874781753;-0.484517166
2.048050798;0.003939506;-0.030237823;-0.122248381;0.01465781;-0.877818509;-0.478993387
2.05136768;0.003534715;-0.030186468;-0.121827073;0.016307059;-0.881066172;-0.472993024
2.054684562;0.003131358;-0.030129654;-0.121383434;0.01794898;-0.88427282;-0.466970641
2.058001444;0.00272951;-0.030067407;-0.120917575;0.019583268;-0.887438304;-0.460926521
2.061318326;0.002329244;-0.029999752;-0.120429612;0.021209623;-0.890562475;-0.454860943
2.064900827;0.001898786;-0.029920636;-0.11987788;0.022956961;-0.893890259;-0.448285851
2.068483328;0.001470349;-0.029835278;-0.119300659;0.024694319;-0.8971695;-0.441686414
2.072065829;0.001044026;-0.029743714;-0.11869811;0.026421325;-0.900400019;-0.435062991
2.075648331;0.000619907;-0.029645982;-0.118070402;0.028137608;-0.90358164;-0.428415942
2.07945439;0.000171836;-0.029535437;-0.117376151;0.029948833;-0.906908043;-0.421328616
2.08326045;-0.000273539;-0.029418024;-0.116653911;0.031747103;-0.910178855;-0.414215464
2.08706651;-0.000716112;-0.029293792;-0.115903903;0.033531983;-0.913393879;-0.407076924
2.09087257;-0.001155778;-0.029162792;-0.115126354;0.035303042;-0.916552916;-0.399913431
2.094875653;-0.001614953;-0.029017768;-0.114279096;0.037150401;-0.919814861;-0.392352675
2.098878736;-0.002070676;-0.028865381;-0.113401911;0.038981507;-0.923014438;-0.384765315
2.10288182;-0.002522828;-0.028705698;-0.112495087;0.040795874;-0.926151429;-0.377151866
2.106884903;-0.002971291;-0.028538786;-0.111558923;0.042593019;-0.929225623;-0.369512844
2.111036954;-0.00343242;-0.0283581;-0.110557245;0.044438336;-0.932347648;-0.361563085
2.115189006;-0.003889327;-0.028169792;-0.109524678;0.046264085;-0.935401662;-0.353586951
2.119341057;-0.004341882;-0.027973946;-0.108461577;0.048069747;-0.938387442;-0.345585024
2.123493108;-0.004789961;-0.027770645;-0.107368309;0.049854806;-0.941304771;-0.337557888
2.127677291;-0.005236852;-0.027558317;-0.106236442;0.051632324;-0.944175213;-0.329443724
2.131861474;-0.005678945;-0.027338597;-0.105074712;0.053387892;-0.946975711;-0.321305155
2.136045657;-0.006116115;-0.027111579;-0.10388352;0.055121004;-0.949706058;-0.313142784
2.14022984;-0.00654824;-0.026877357;-0.102663275;0.056831161;-0.952366052;-0.304957216
2.144453405;-0.006979192;-0.026633723;-0.101402507;0.058533636;-0.954979531;-0.296671696
2.148676969;-0.007404759;-0.02638295;-0.100113001;0.060211725;-0.957520928;-0.288363783
2.152900534;-0.00782482;-0.026125141;-0.098795205;0.061864938;-0.959990052;-0.280034105
2.157124098;-0.008239256;-0.025860404;-0.097449575;0.063492793;-0.962386715;-0.27168329
2.161393881;-0.008652391;-0.025585837;-0.096061399;0.065112204;-0.964735767;-0.26322025
2.165663664;-0.009059539;-0.025304413;-0.094645737;0.066704735;-0.967010398;-0.254736905
2.169933446;-0.009460586;-0.025016247;-0.093203085;0.068269913;-0.969210432;-0.246233909
2.174203229;-0.009855416;-0.024721457;-0.091733948;0.069807277;-0.971335701;-0.237711918
2.178527234;-0.010248809;-0.024416296;-0.090219685;0.071335352;-0.973411595;-0.229063021
2.18285124;-0.010635599;-0.02410459;-0.088679324;0.072833975;-0.975410479;-0.220396001
2.187175245;-0.011015672;-0.02378647;-0.087113413;0.074302694;-0.977332196;-0.211711545
2.19149925;-0.01138892;-0.023462064;-0.085522508;0.075741066;-0.979176594;-0.20301034
2.196002696;-0.011770287;-0.023117656;-0.083839619;0.077206402;-0.981015175;-0.193930983
2.200506142;-0.012144016;-0.022766725;-0.082130875;0.078637877;-0.982769571;-0.184834983
2.205009588;-0.012509993;-0.022409424;-0.08039693;0.080035027;-0.98443963;-0.175723122
2.209513034;-0.012868106;-0.02204591;-0.078638447;0.081397401;-0.986025209;-0.16659618
2.214206362;-0.013232832;-0.021660626;-0.07678043;0.082779739;-0.987587598;-0.15706921
2.218899691;-0.013588778;-0.021268946;-0.074897258;0.084123347;-0.989057939;-0.147527601
2.22359302;-0.013935828;-0.020871051;-0.072989708;0.085427761;-0.990436096;-0.137972241
2.228286348;-0.01427387;-0.020467127;-0.071058565;0.086692528;-0.99172194;-0.128404022
2.233061134;-0.014608423;-0.020050198;-0.069070516;0.087938112;-0.992935248;-0.118657461
2.23783592;-0.014933428;-0.019627422;-0.067059715;0.089141767;-0.99405277;-0.108899454
2.242610705;-0.015248779;-0.019199;-0.065027017;0.090303069;-0.995074397;-0.099130941
2.247385491;-0.015554375;-0.018765134;-0.062973282;0.091421608;-0.996000033;-0.089352866
2.252021366;-0.015841651;-0.018338878;-0.060959992;0.092466322;-0.99680681;-0.079851004
2.256657241;-0.016119552;-0.017907873;-0.058928493;0.093470015;-0.997522942;-0.070341882
2.261293115;-0.016387995;-0.017472311;-0.056879594;0.09443236;-0.998148363;-0.060826362
2.26592899;-0.0166469;-0.017032385;-0.054814109;0.095353046;-0.998683015;-0.051305311
2.270418329;-0.016888461;-0.016602386;-0.052798877;0.096204647;-0.999114213;-0.042080757
2.274907668;-0.017120943;-0.016168653;-0.05076961;0.09701665;-0.999460207;-0.032852615
2.279397006;-0.017344285;-0.015731364;-0.048727061;0.097788816;-0.999720969;-0.023621671
2.283886345;-0.017558429;-0.015290699;-0.046671989;0.098520919;-0.999896477;-0.014388712
2.28822551;-0.017756616;-0.014861735;-0.044674475;0.099190257;-0.999985075;-0.005463432
2.292564676;-0.017946114;-0.014429948;-0.042666665;0.099821793;-0.999994006;0.003462284
2.296903841;-0.018126878;-0.013995503;-0.040649252;0.100415359;-0.999923269;0.012387724
2.301243007;-0.018298869;-0.013558565;-0.038622935;0.100970802;-0.99977287;0.021312177
2.305424793;-0.018456285;-0.013135271;-0.036662338;0.101469895;-0.999552556;0.029911346
2.309606578;-0.018605487;-0.012709964;-0.034694748;0.101933335;-0.99925828;0.038508301
2.313788364;-0.018746448;-0.012282794;-0.032720795;0.102361019;-0.998890066;0.047102407
2.31797015;-0.018879142;-0.01185391;-0.03074111;0.102752854;-0.998447939;0.055693028
2.321982619;-0.01899867;-0.01144092;-0.02883678;0.103095047;-0.99795426;0.063931956
2.325995088;-0.019110549;-0.011026623;-0.026928315;0.103404097;-0.997392597;0.072166528
2.330007557;-0.019214764;-0.010611153;-0.025016278;0.103679951;-0.996762988;0.080396185
2.334020026;-0.0193113;-0.010194643;-0.02310123;0.103922565;-0.996065475;0.088620364
2.337844597;-0.019396157;-0.009796791;-0.021273573;0.104122845;-0.995337462;0.096453806
2.341669168;-0.019474022;-0.009398231;-0.019444178;0.104292871;-0.994547845;0.104281278
2.345493739;-0.019544887;-0.008999078;-0.017613533;0.10443263;-0.993696672;0.112102296
2.34931831;-0.019608749;-0.008599449;-0.015782126;0.104542115;-0.992783996;0.119916375
2.352925838;-0.019662567;-0.008222166;-0.014054391;0.104617643;-0.991866799;0.127280214
2.356533365;-0.019710153;-0.00784466;-0.01232682;0.104666244;-0.990894983;0.134637043
2.360140893;-0.019751507;-0.007467026;-0.010599822;0.104687931;-0.9898686;0.141986458
2.36374842;-0.019786632;-0.007089363;-0.008873807;0.104682725;-0.988787708;0.149328055
2.36709002;-0.019813615;-0.006739597;-0.007276255;0.104653933;-0.987737915;0.15612114
2.37043162;-0.019835263;-0.006389965;-0.00568022;0.104602113;-0.986641454;0.16290685
2.373773219;-0.019851579;-0.006040546;-0.004086026;0.104527295;-0.985498375;0.169684862
2.377114819;-0.019862573;-0.005691414;-0.002493995;0.104429513;-0.984308734;0.176454857
2.380166244;-0.019867968;-0.005372917;-0.001042374;0.104320197;-0.983181772;0.18262969
2.383217668;-0.019868937;-0.005054783;0.000406928;0.104191797;-0.982016074;0.188797328
2.386269093;-0.019865487;-0.00473707;0.001853667;0.104044348;-0.980811686;0.194957527
2.389320518;-0.019857627;-0.004419836;0.003297599;0.103877891;-0.979568655;0.201110046
2.392375197;-0.01984535;-0.004102801;0.004740016;0.10369226;-0.978285643;0.207261189
2.395429875;-0.019828672;-0.003786362;0.006179131;0.103487666;-0.976964006;0.213404149
2.398484554;-0.019807603;-0.003470577;0.007614702;0.103264158;-0.975603796;0.219538684
2.401539233;-0.019782155;-0.003155503;0.009046485;0.103021788;-0.974205066;0.22566455
2.404598446;-0.019752291;-0.002840733;0.010476357;0.102760209;-0.97276571;0.23179058
2.407657659;-0.01971806;-0.002526792;0.011901945;0.102479823;-0.971287833;0.237907431
2.410716872;-0.019679475;-0.002213737;0.013323009;0.102180693;-0.969771493;0.24401486
2.413776085;-0.019636549;-0.001901626;0.014739308;0.101862882;-0.968216749;0.250112627
2.417088742;-0.01958519;-0.001564788;0.01626729;0.101497752;-0.966489966;0.256704393
2.420401399;-0.01952878;-0.001229195;0.017789101;0.101110885;-0.964718306;0.263284239
2.423714055;-0.019467339;-0.00089492;0.019304438;0.100702375;-0.96290185;0.26985186
2.427026712;-0.01940089;-0.000562034;0.020813;0.100272319;-0.961040685;0.276406951
2.430584756;-0.019323965;-0.000206118;0.022425424;0.099786522;-0.958991949;0.283433311
2.434142801;-0.019241318;0.000148026;0.024029319;0.099276118;-0.956891843;0.290444489
2.437700845;-0.019152981;0.000500311;0.025624318;0.098741242;-0.954740479;0.297440108
2.441258889;-0.019058984;0.000850649;0.027210056;0.098182036;-0.952537972;0.304419794
2.445025047;-0.018953363;0.001219262;0.028878055;0.09756378;-0.950151053;0.311789955
2.448791204;-0.01884148;0.001585496;0.030534844;0.096918611;-0.947707109;0.319141403
2.452557361;-0.018723379;0.00194925;0.03218;0.096246718;-0.945206287;0.326473697
2.456323518;-0.018599105;0.002310423;0.033813102;0.095548294;-0.942648737;0.333786397
2.460273517;-0.018462183;0.002686346;0.035512514;0.094787493;-0.939905561;0.341434528
2.464223515;-0.018318575;0.003059206;0.037197729;0.09399797;-0.937100333;0.349060118
2.468173513;-0.01816834;0.003428892;0.03886827;0.093179971;-0.934233239;0.356662663
2.472123512;-0.018011536;0.003795291;0.040523669;0.092333753;-0.931304468;0.364241662
2.476240942;-0.017841158;0.004173602;0.042232615;0.091421909;-0.928186107;0.372116314
2.480358372;-0.01766378;0.004548096;0.043924078;0.090479996;-0.925001163;0.379964272
2.484475803;-0.017479474;0.004918651;0.045597542;0.089508327;-0.921749865;0.387784973
2.488593233;-0.017288316;0.005285144;0.047252494;0.088507228;-0.918432446;0.395577857
2.492753931;-0.017088267;0.00565124;0.048905518;0.087466052;-0.915013242;0.403423805
2.496914629;-0.016881382;0.006012943;0.050538606;0.086395516;-0.911527014;0.411240201
2.501075326;-0.016667744;0.006370131;0.05215125;0.085295982;-0.907974016;0.419026474
2.505236024;-0.01644744;0.006722685;0.053742946;0.08416782;-0.904354509;0.426782054
2.509430502;-0.016218688;0.00707329;0.055325857;0.083001904;-0.900638564;0.434568954
2.51362498;-0.015983345;0.007418945;0.056886472;0.081807676;-0.896855572;0.442323504
2.517819458;-0.015741502;0.007759532;0.058424295;0.08058554;-0.893005815;0.450045126
2.522013935;-0.015493258;0.008094935;0.059938838;0.07933591;-0.889089578;0.457733244
2.526248445;-0.015236252;0.008428164;0.061443734;0.078046895;-0.885068828;0.46546017
2.530482955;-0.014972925;0.008755877;0.062923927;0.076730734;-0.880980926;0.473151782
2.534717465;-0.014703383;0.00907796;0.06437894;0.075387878;-0.876826182;0.480807494
2.538951974;-0.014427735;0.009394302;0.065808301;0.074018787;-0.872604912;0.488426727
2.54323353;-0.014142926;0.009708207;0.06722699;0.072608289;-0.868269432;0.496092929
2.547515085;-0.013852101;0.010016018;0.068618513;0.071171942;-0.863866602;0.503720651
2.55179664;-0.013555378;0.010317624;0.069982409;0.069710247;-0.859396765;0.5113093
2.556078195;-0.013252874;0.010612919;0.071318227;0.068223711;-0.854860267;0.518858289
2.560466928;-0.012936927;0.010908944;0.07265788;0.066674724;-0.850141392;0.526554474
2.564855662;-0.012615167;0.011198117;0.073967102;0.065100747;-0.845353231;0.534207745
2.569244395;-0.012287728;0.011480328;0.075245437;0.063502352;-0.840496175;0.541817478
2.573633129;-0.011954748;0.011755472;0.076492439;0.061880122;-0.83557062;0.549383054
2.57817701;-0.011604305;0.012032786;0.07775005;0.060176058;-0.830399192;0.557168899
2.582720891;-0.011248226;0.012302301;0.078973139;0.058447739;-0.825155218;0.564906069
2.587264773;-0.010886669;0.012563909;0.08016125;0.056695838;-0.819839156;0.572593886
2.591808654;-0.010519794;0.012817505;0.081313939;0.054921035;-0.81445147;0.58023168
2.596207701;-0.010159698;0.013055287;0.082395734;0.053181633;-0.809167723;0.587577736
2.600606747;-0.009794918;0.013285372;0.083443546;0.051422044;-0.803817719;0.594875679
2.605005794;-0.009425604;0.013507674;0.084457008;0.049642906;-0.798401897;0.602124913
2.609404841;-0.009051908;0.013722107;0.085435763;0.047844866;-0.792920699;0.609324843
2.613646998;-0.008687533;0.013921364;0.086346418;0.046093658;-0.787573486;0.616220743
2.617889156;-0.008319365;0.014113157;0.08722418;0.044326069;-0.782166302;0.62306972
2.622131313;-0.007947543;0.014297418;0.088068762;0.042542693;-0.776699559;0.629871253
2.626373471;-0.007572209;0.014474081;0.088879888;0.040744131;-0.771173673;0.636624823
2.630535913;-0.007200652;0.014639979;0.089642995;0.03896519;-0.765694546;0.64320437
2.634698355;-0.006825987;0.014798443;0.090373394;0.037172787;-0.760159285;0.649736763
2.638860797;-0.00644835;0.01494942;0.091070853;0.035367501;-0.754568296;0.656221523
2.643023239;-0.006067878;0.015092857;0.091735152;0.033549918;-0.748921988;0.662658174
2.6471423;-0.005688718;0.015227327;0.092359677;0.031739748;-0.743280476;0.668979921
2.651261361;-0.005307053;0.015354318;0.092951329;0.029918683;-0.737585603;0.67525364
2.655380422;-0.004923019;0.015473786;0.093509921;0.0280873;-0.731837777;0.681478883
2.659499483;-0.004536753;0.015585691;0.094035281;0.026246178;-0.726037413;0.687655201
2.663438761;-0.004165384;0.0156856;0.09450647;0.02447684;-0.720441447;0.693515769
2.66737804;-0.003792218;0.015778523;0.094946977;0.022699639;-0.714798177;0.699330799
2.671317319;-0.003417379;0.01586443;0.095356676;0.020915089;-0.709107972;0.705099911
2.675256597;-0.003040986;0.015943295;0.095735448;0.019123705;-0.703371206;0.710822725
2.678989552;-0.002682985;0.016011505;0.096065742;0.01742031;-0.697892285;0.716202736
2.682722506;-0.002323803;0.016073346;0.096368078;0.015711685;-0.692372213;0.721540517
2.686455461;-0.001963544;0.016128801;0.096642377;0.013998274;-0.686811318;0.726835754
2.690188415;-0.001602315;0.016177851;0.096888566;0.012280521;-0.681209926;0.732088135
2.69368001;-0.001263654;0.016217919;0.097093336;0.010670295;-0.675934338;0.736961851
2.697171605;-0.000924322;0.01625236;0.097273408;0.009057027;-0.670623883;0.741797552
2.700663201;-0.000584404;0.016281163;0.097428738;0.007441081;-0.665278834;0.746594986
2.704154796;-0.000243988;0.01630432;0.097559289;0.005822824;-0.659899466;0.751353908
2.707342445;6.72E-05;0.016320524;0.09765681;0.00434373;-0.654958643;0.755664724
2.710530095;0.000378582;0.016332011;0.09773363;0.002863297;-0.649989661;0.759943051
2.713717744;0.000690217;0.016338777;0.097789733;0.001381802;-0.644992732;0.764188704
2.716905394;0.001001999;0.01634082;0.097825104;-0.000100472;-0.639968072;0.768401501
2.719959842;0.001300827;0.016338343;0.097839539;-0.00152128;-0.635127559;0.772407266
2.72301429;0.001599671;0.016331526;0.097834925;-0.0029423;-0.630261973;0.776382538
2.726068738;0.001898471;0.016320369;0.097811261;-0.004363286;-0.625371506;0.780327162
2.729123186;0.00219717;0.016304871;0.097768547;-0.005783991;-0.620456351;0.784240981
2.732175116;0.002495464;0.016285054;0.097706847;-0.007202997;-0.615520785;0.788120653
2.735227047;0.00279354;0.016260906;0.09762614;-0.00862123;-0.61056096;0.791969263
2.738278977;0.003091341;0.016232432;0.097526437;-0.010038444;-0.605577072;0.795786661
2.741330907;0.003388808;0.016199634;0.097407752;-0.011454394;-0.600569317;0.799572695
2.74446606;0.00369398;0.016161445;0.097266082;-0.012907379;-0.595400363;0.803429155
2.747601212;0.003998675;0.016118703;0.097104419;-0.014358504;-0.590206645;0.807252201
2.750736365;0.004302833;0.016071415;0.096922789;-0.015807503;-0.584988381;0.811041672
2.753871517;0.00460639;0.016019588;0.096721221;-0.017254112;-0.579745787;0.814797412
2.757275208;0.004935195;0.015958191;0.096479851;-0.018821612;-0.574026852;0.818836475
2.7606789;0.005263139;0.015891466;0.096215064;-0.020385643;-0.568279778;0.822835399
2.764082591;0.005590141;0.015819423;0.09592691;-0.021945868;-0.562504847;0.826793987
2.767486282;0.005916123;0.015742076;0.095615445;-0.023501948;-0.556702342;0.830712045
2.771109677;0.006261937;0.015653926;0.095258325;-0.02515354;-0.550495309;0.834838256
2.774733073;0.006606409;0.015559801;0.094874933;-0.02679965;-0.544257695;0.83891809
2.778356468;0.006949444;0.015459721;0.094465354;-0.028439874;-0.537989846;0.842951319
2.781979864;0.007290948;0.01535371;0.094029679;-0.03007381;-0.53169211;0.846937719
2.785791734;0.007648459;0.015235808;0.093543279;-0.031785511;-0.525034916;0.851080688
2.789603604;0.008004061;0.015111396;0.093028223;-0.033489345;-0.518345442;0.85517133
2.793415474;0.008357646;0.014980505;0.09248464;-0.035184848;-0.511624098;0.859209394
2.797227344;0.008709104;0.014843167;0.091912662;-0.036871561;-0.504871299;0.863194631
2.801206413;0.009073593;0.014692966;0.09128546;-0.038622384;-0.497789198;0.867298054
2.805185481;0.009435526;0.014535819;0.090627643;-0.04036261;-0.490673747;0.871343373
2.80916455;0.00979478;0.014371769;0.08993939;-0.042091721;-0.483525424;0.875330317
2.813143619;0.010151236;0.014200862;0.089220886;-0.043809206;-0.476344708;0.879258619
2.81724136;0.01051527;0.014017741;0.088449544;-0.045565222;-0.468916484;0.88324251
2.821339101;0.010876079;0.013827452;0.08764655;-0.047307814;-0.461454943;0.887163646
2.825436842;0.011233533;0.01363005;0.086812138;-0.04903643;-0.453960617;0.89102175
2.829534583;0.011587504;0.013425594;0.085946548;-0.050750527;-0.446434036;0.894816546
2.833759683;0.011948694;0.013207462;0.085021676;-0.052502121;-0.43864032;0.898662712
2.837984783;0.012305908;0.012981964;0.08406421;-0.054237114;-0.430813471;0.902440997
2.842209883;0.012659008;0.012749172;0.083074447;-0.055954923;-0.42295408;0.906151116
2.846434983;0.013007859;0.012509159;0.082052692;-0.057654968;-0.415062742;0.90979279
2.850781724;0.013362176;0.012254781;0.080968468;-0.059384818;-0.406911498;0.913467587
2.855128466;0.013711709;0.011992927;0.079851074;-0.061094642;-0.398727723;0.917069356
2.859475207;0.014056313;0.011723686;0.078700876;-0.062783831;-0.39051207;0.920597807
2.863821949;0.014395846;0.011447148;0.077518252;-0.06445178;-0.382265198;0.92405266
2.868286852;0.014739184;0.011155594;0.076270127;-0.066142328;-0.373762328;0.927524513
2.872751756;0.015076874;0.010856545;0.074988632;-0.067809196;-0.365227931;0.930918126
2.87721666;0.015408769;0.010550107;0.073674212;-0.06945175;-0.356662726;0.934233215
2.881681564;0.015734722;0.010236391;0.072327323;-0.071069368;-0.348067436;0.937469498
2.886263107;0.016062864;0.009907032;0.070911988;-0.072702676;-0.339217093;0.940708118
2.890844649;0.016384444;0.009570252;0.069463477;-0.074308426;-0.330336623;0.943863187
2.895426191;0.016699314;0.009226181;0.067982321;-0.075885972;-0.321426812;0.946934425
2.900007734;0.017007323;0.008874947;0.066469063;-0.077434679;-0.312488453;0.949921558
2.904543282;0.017305341;0.008520316;0.064939921;-0.07893882;-0.303612485;0.952795602
2.909078831;0.017596354;0.00815893;0.063380412;-0.080413492;-0.29471009;0.955586711
2.91361438;0.017880225;0.007790923;0.061791098;-0.081858108;-0.285782042;0.958294644
2.918149929;0.018156822;0.007416433;0.06017255;-0.083272095;-0.276829118;0.960919164
2.922576432;0.018419629;0.00704483;0.058565287;-0.084622013;-0.268068205;0.963399936
2.927002935;0.018675262;0.006667319;0.056931287;-0.085941706;-0.259285067;0.965800835
2.931429438;0.018923603;0.006284033;0.055271112;-0.08723067;-0.250480433;0.968121662
2.935855941;0.019164539;0.005895111;0.053585331;-0.088488413;-0.241655031;0.970362224
2.940208793;0.019394136;0.005507298;0.051903192;-0.089694312;-0.232956931;0.972487053
2.944561645;0.019616359;0.005114304;0.050197414;-0.090869105;-0.224240154;0.974533916
2.948914497;0.019831106;0.004716264;0.048468563;-0.092012351;-0.215505399;0.976502649
2.953267349;0.020038279;0.004313318;0.046717216;-0.093123622;-0.206753367;0.978393093
2.957559415;0.020235048;0.00391133;0.044968866;-0.094187659;-0.198107319;0.980180335
2.961851482;0.020424268;0.003504844;0.043199778;-0.095219811;-0.189445829;0.981891174
2.966143549;0.020605852;0.003093997;0.041410525;-0.096219696;-0.180769571;0.983525476
2.970435616;0.020779714;0.002678928;0.039601687;-0.097186946;-0.172079223;0.985083114
2.974676788;0.020943848;0.002264772;0.037795634;-0.098110316;-0.163478745;0.986546856
2.978917961;0.021100284;0.001846769;0.035971604;-0.09900113;-0.154865823;0.987935512
2.983159133;0.021248947;0.001425057;0.034130175;-0.099859061;-0.146241115;0.989248976
2.987400306;0.021389764;0.000999777;0.032271931;-0.100683793;-0.137605277;0.990487147
2.991564765;0.021520332;0.000578853;0.030431507;-0.101461005;-0.129115448;0.991629569
2.995729224;0.021643205;0.000154761;0.028576004;-0.102205631;-0.120616144;0.992699222
2.999893682;0.02175832;-0.000272363;0.026705989;-0.102917401;-0.112107989;0.993696029
3.004058141;0.021865617;-0.000702383;0.024822036;-0.103596052;-0.103591607;0.994619917
3.008021225;0.021960416;-0.001114171;0.023016767;-0.104210903;-0.095479971;0.995431351
3.011984309;0.022048037;-0.001528336;0.021199898;-0.104795327;-0.087361989;0.996176632
3.015947393;0.022128435;-0.001944756;0.019371937;-0.105349122;-0.079238201;0.99685571
3.019910478;0.022201568;-0.00236331;0.017533389;-0.105872099;-0.071109148;0.99746854
3.023643622;0.022263776;-0.002759421;0.015792292;-0.10633638;-0.063447413;0.997985183
3.027376767;0.022319467;-0.003157214;0.014042685;-0.106773005;-0.055781937;0.998442976
3.031109911;0.022368612;-0.003556585;0.012285002;-0.107181836;-0.048113172;0.998841891
3.034843056;0.022411181;-0.00395743;0.010519676;-0.10756274;-0.040441569;0.999181905
3.03830523;0.022444759;-0.004330406;0.008876036;-0.107890925;-0.033324668;0.999444579
3.041767405;0.022472635;-0.004704476;0.007226548;-0.108194887;-0.026206076;0.999656562
3.04522958;0.022494791;-0.005079557;0.005571562;-0.108474533;-0.019086155;0.999817843
3.048691754;0.022511209;-0.005455564;0.003911432;-0.108729781;-0.011965266;0.999928414
3.051803418;0.022521053;-0.005794224;0.002415275;-0.108938301;-0.005564769;0.999984517
3.054915082;0.022526236;-0.006133502;0.000915505;-0.109126993;0.000835956;0.999999651
