11996.68669	0.022499021	-0.006350994	-8.90E-05	-0.109188438
11996.68976	0.022496465	-0.006686763	-0.001575148	-0.109341869
11996.69283	0.022489338	-0.007022973	-0.003064172	-0.109475838
11996.69591	0.022477631	-0.007359565	-0.004555793	-0.109590303
11996.69898	0.022461336	-0.007696479	-0.006049761	-0.109685226
11996.70204	0.022440512	-0.008032722	-0.007541689	-0.109760391
11996.70511	0.022415112	-0.008369166	-0.009035451	-0.109816058
11996.70817	0.022385133	-0.00870575	-0.010530796	-0.109852197
11996.71124	0.022350569	-0.009042415	-0.012027476	-0.109868785
11996.71441	0.022309941	-0.009391064	-0.013578471	-0.109865333
11996.71758	0.02226439	-0.009739668	-0.015130349	-0.109840872
11996.72076	0.022213914	-0.010088162	-0.016682829	-0.109795385
11996.72393	0.02215851	-0.010436477	-0.018235633	-0.109728859
11996.72737	0.02209281	-0.010814196	-0.019920802	-0.10963285
11996.73082	0.022021307	-0.011191542	-0.021605665	-0.109512045
11996.73426	0.021944002	-0.011568429	-0.023289864	-0.109366443
11996.7377	0.021860899	-0.011944772	-0.024973041	-0.109196048
11996.74137	0.021766128	-0.012344461	-0.026762208	-0.10898756
11996.74503	0.021664804	-0.012743334	-0.028549382	-0.108751035
11996.7487	0.021556938	-0.01314129	-0.030334134	-0.108486498
11996.75236	0.021442537	-0.013538225	-0.032116034	-0.108193977
11996.75621	0.02131526	-0.013954232	-0.033985451	-0.107856382
11996.76006	0.021180791	-0.014368881	-0.035850743	-0.107487961
11996.76391	0.021039148	-0.014782051	-0.037711413	-0.10708877
11996.76776	0.020890349	-0.015193625	-0.039566965	-0.106658876
11996.77178	0.020727584	-0.015620983	-0.041495931	-0.106177963
11996.77579	0.020557086	-0.016046343	-0.043418231	-0.105663836
11996.77981	0.020378883	-0.016469571	-0.045333306	-0.105116596
11996.78383	0.020193005	-0.016890536	-0.047240598	-0.104536354
11996.78799	0.019992165	-0.017324572	-0.049209769	-0.103899875
11996.79216	0.019783144	-0.017755883	-0.051169355	-0.103228178
11996.79632	0.019565983	-0.018184324	-0.053118739	-0.102521418
11996.80048	0.019340726	-0.018609748	-0.055057309	-0.101779761
11996.80479	0.019099587	-0.019045884	-0.057047817	-0.100977188
11996.80909	0.018849913	-0.019478488	-0.059025467	-0.100137774
11996.81339	0.018591761	-0.019907402	-0.060989593	-0.099261737
11996.81769	0.018325189	-0.020332469	-0.062939535	-0.098349307
11996.82212	0.018041876	-0.020766112	-0.064932504	-0.097371689
11996.82655	0.017749768	-0.02119534	-0.066909013	-0.096355995
11996.83099	0.01744894	-0.021619982	-0.068868354	-0.095302517
11996.83542	0.01713947	-0.022039874	-0.070809822	-0.094211558
11996.83997	0.016812445	-0.022466351	-0.072786082	-0.09305144
11996.84453	0.016476464	-0.022887456	-0.074741971	-0.091852414
11996.84908	0.016131623	-0.023303012	-0.076676744	-0.090614854
11996.85364	0.01577802	-0.023712844	-0.078589663	-0.089339145
11996.85831	0.015406077	-0.024127358	-0.080529577	-0.087990515
11996.86299	0.015025122	-0.024535476	-0.082444917	-0.086602566
11996.86766	0.014635273	-0.024937015	-0.084334911	-0.085175761
11996.87233	0.014236648	-0.025331793	-0.086198793	-0.083710579
11996.87713	0.01381891	-0.025729398	-0.088082144	-0.082168821
11996.88192	0.013392212	-0.026119519	-0.089936442	-0.080587776
11996.88672	0.012956697	-0.026501967	-0.091760895	-0.078968007
11996.89151	0.012512509	-0.026876559	-0.093554721	-0.077310094
11996.89642	0.012048415	-0.027252137	-0.095360632	-0.075571934
11996.90134	0.011575532	-0.027619081	-0.097132746	-0.073794988
11996.90625	0.011094026	-0.0279772	-0.098870259	-0.07197993
11996.91116	0.01060407	-0.028326309	-0.10057238	-0.07012745
11996.91588	0.010125946	-0.028652795	-0.102172335	-0.068314594
11996.92059	0.009640357	-0.028970652	-0.103738288	-0.066468542
11996.92531	0.009147462	-0.029279725	-0.105269576	-0.064589945
11996.93003	0.008647429	-0.029579863	-0.10676555	-0.062679467
11996.93449	0.00816743	-0.029855743	-0.108149214	-0.060841322
11996.93896	0.007681324	-0.03012335	-0.109500103	-0.058975775
11996.94343	0.007189258	-0.030382564	-0.110817699	-0.05708342
11996.94789	0.006691382	-0.030633267	-0.112101493	-0.055164864
11996.95223	0.006202397	-0.030868507	-0.113315562	-0.053276947
11996.95657	0.005708216	-0.031095505	-0.11449683	-0.051365464
11996.96091	0.005208982	-0.03131416	-0.115644864	-0.049430994
11996.96525	0.00470484	-0.031524374	-0.116759238	-0.047474123
11996.96953	0.004203059	-0.031723301	-0.117824726	-0.045523158
11996.9738	0.003696792	-0.031913836	-0.118856696	-0.043551568
11996.97808	0.003186182	-0.032095895	-0.119854772	-0.041559938
11996.98236	0.002671375	-0.032269391	-0.120818586	-0.039548859
11996.98659	0.002158574	-0.032432377	-0.121737182	-0.037542632
11996.99082	0.001641961	-0.032586843	-0.122621626	-0.035518572
11996.99504	0.001121681	-0.032732714	-0.123471596	-0.033477268
11996.99927	0.000597881	-0.032869918	-0.124286779	-0.031419314
11997.00343	7.96E-05	-0.032996298	-0.125054038	-0.029380332
11997.00759	-0.000441792	-0.03311417	-0.125787099	-0.02732641
11997.01174	-0.000966163	-0.033223474	-0.126485693	-0.02525813
11997.0159	-0.001493367	-0.033324151	-0.127149562	-0.023176076
11997.01984	-0.00199506	-0.03341148	-0.127745951	-0.021192397
11997.02377	-0.002499039	-0.033490979	-0.128310778	-0.019197399
11997.02771	-0.003005179	-0.033562603	-0.128843848	-0.01719159
11997.03165	-0.003513354	-0.033626311	-0.129344976	-0.015175482
11997.03532	-0.003989811	-0.033678639	-0.129784105	-0.013283212
11997.039	-0.004467832	-0.033723994	-0.130195063	-0.011382822
11997.04268	-0.004947311	-0.033762346	-0.130577718	-0.009474736
11997.04636	-0.005428146	-0.033793668	-0.130931944	-0.007559378
11997.04972	-0.005868493	-0.033816115	-0.131230587	-0.005803667
11997.05307	-0.006309803	-0.033832654	-0.131505319	-0.004042572
11997.05643	-0.006751996	-0.033843269	-0.131756058	-0.00227642
11997.05979	-0.007194991	-0.033847943	-0.131982726	-0.000505541
11997.06287	-0.007601339	-0.033846999	-0.132169139	0.00112017
11997.06595	-0.008008229	-0.033841047	-0.132335248	0.002749314
11997.06902	-0.008415598	-0.033830078	-0.132481005	0.004381635
11997.0721	-0.008823385	-0.033814083	-0.132606363	0.006016878
11997.07517	-0.009230163	-0.033793132	-0.132710962	0.007649312
11997.07823	-0.009637229	-0.033767171	-0.132795217	0.009284139
11997.0813	-0.010044523	-0.033736193	-0.13285909	0.010921103
11997.08436	-0.010451982	-0.033700194	-0.13290255	0.012559949
11997.08757	-0.010877536	-0.033657239	-0.13292611	0.014272876
11997.09077	-0.01130313	-0.033608798	-0.132927351	0.015987283
11997.09397	-0.011728692	-0.033554866	-0.132906248	0.017702879
11997.09717	-0.012154151	-0.033495439	-0.132862777	0.01941937
11997.10066	-0.012617309	-0.033424466	-0.132789968	0.021289443
11997.10415	-0.013080166	-0.033346971	-0.132690588	0.023159852
11997.10763	-0.013542631	-0.033262955	-0.132564624	0.025030218
11997.11112	-0.01400461	-0.033172417	-0.132412068	0.02690016
11997.11484	-0.014496399	-0.033068734	-0.132220176	0.028892458
11997.11855	-0.014987419	-0.032957649	-0.131998073	0.030883385
11997.12227	-0.015477557	-0.032839168	-0.131745768	0.032872479
11997.12599	-0.015966702	-0.032713297	-0.131463281	0.034859281
11997.1299	-0.016480225	-0.032572878	-0.13113346	0.036946982
11997.13381	-0.016992392	-0.032424301	-0.130770281	0.0390311
11997.13772	-0.017503074	-0.03226758	-0.130373792	0.041111103
11997.14163	-0.01801214	-0.032102733	-0.129944047	0.043186456
11997.14571	-0.018541497	-0.031922069	-0.129460209	0.045346589
11997.14979	-0.019068805	-0.031732602	-0.128940307	0.047500474
11997.15387	-0.019593918	-0.031534358	-0.128384433	0.049647507
11997.15795	-0.020116689	-0.031327366	-0.127792689	0.051787086
11997.16219	-0.020656448	-0.031103394	-0.127140941	0.053998442
11997.16642	-0.021193366	-0.030870078	-0.126450837	0.056200461
11997.17066	-0.02172728	-0.030627458	-0.125722525	0.058392475
11997.17489	-0.02225803	-0.030375579	-0.124956163	0.060573822
11997.17927	-0.022802954	-0.030105637	-0.124124501	0.062815878
11997.18364	-0.023344151	-0.029825913	-0.123252599	0.065045114
11997.18802	-0.023881446	-0.029536465	-0.122340671	0.067260806
11997.19239	-0.024414663	-0.029237353	-0.121388945	0.069462237
11997.1969	-0.024959555	-0.028919158	-0.120367076	0.07171456
11997.20141	-0.025499747	-0.028590849	-0.119303498	0.073950213
11997.20592	-0.026035052	-0.0282525	-0.118198503	0.076168421
11997.21042	-0.026565282	-0.027904194	-0.117052397	0.078368421
11997.21506	-0.027104897	-0.027535828	-0.115831634	0.080610325
11997.21969	-0.027638755	-0.027157121	-0.114568124	0.082831361
11997.22433	-0.02816666	-0.026768172	-0.113262245	0.085030714
11997.22896	-0.028688416	-0.026369083	-0.111914391	0.08720758
11997.23372	-0.029217401	-0.025948982	-0.110487589	0.089417909
11997.23847	-0.029739495	-0.025518427	-0.109017449	0.091602844
11997.24323	-0.030254494	-0.02507754	-0.107504446	0.093761541
11997.24799	-0.030762194	-0.024626449	-0.105949075	0.095893162
11997.25287	-0.031275053	-0.024153393	-0.104310566	0.098050158
11997.25774	-0.031779813	-0.023669888	-0.102628601	0.100176926
11997.26262	-0.032276263	-0.023176083	-0.100903765	0.102272596
11997.2675	-0.032764196	-0.022672133	-0.099136658	0.104336309
11997.2725	-0.033255262	-0.022145233	-0.097282195	0.106417515
11997.2775	-0.033736948	-0.021608015	-0.095384659	0.108463359
11997.2825	-0.03420904	-0.021060658	-0.093444753	0.110472954
11997.2875	-0.034671328	-0.020503345	-0.091463197	0.112445432
11997.29263	-0.035134738	-0.019922021	-0.089389856	0.114427613
11997.29775	-0.035587414	-0.019330644	-0.087274357	0.116368999
11997.30287	-0.036029144	-0.018729424	-0.085117534	0.118268703
11997.308	-0.036459717	-0.018118578	-0.082920239	0.120125853
11997.31312	-0.036878455	-0.01749904	-0.080685923	0.121937548
11997.31824	-0.037285657	-0.016870341	-0.078412981	0.123705104
11997.32335	-0.037681128	-0.01623271	-0.076102317	0.125427706
11997.32847	-0.038064677	-0.015586378	-0.07375485	0.127104561
11997.33337	-0.038420337	-0.014960017	-0.071475123	0.128665489
11997.33827	-0.038764753	-0.014326118	-0.069163394	0.130183161
11997.34317	-0.03909777	-0.013684892	-0.066820511	0.13165693
11997.34806	-0.039419237	-0.013036557	-0.064447333	0.133086166
11997.35274	-0.039715122	-0.012411398	-0.062155068	0.134408052
11997.35741	-0.040000231	-0.011780156	-0.059836776	0.135688305
11997.36209	-0.040274445	-0.01114303	-0.057493238	0.136926423
11997.36676	-0.040537648	-0.010500215	-0.055125242	0.138121917
11997.37121	-0.040777882	-0.009883157	-0.052848921	0.139219989
11997.37566	-0.041007941	-0.0092613	-0.050551855	0.140278607
11997.38011	-0.041227733	-0.008634821	-0.048234745	0.141297389
11997.38456	-0.041437172	-0.008003897	-0.045898303	0.142275966
11997.38877	-0.041625942	-0.007402307	-0.043667879	0.143165539
11997.39299	-0.041805276	-0.006797044	-0.041421367	0.144018422
11997.3972	-0.041975108	-0.006188264	-0.039159386	0.144834332
11997.40142	-0.042135374	-0.005576123	-0.03688256	0.145612999
11997.40556	-0.042283331	-0.004972118	-0.03463376	0.146340877
11997.40969	-0.042421956	-0.004365177	-0.032371863	0.14703238
11997.41383	-0.042551197	-0.003755451	-0.030097472	0.147687282
11997.41797	-0.042671002	-0.003143091	-0.027811196	0.148305366
11997.422	-0.042778491	-0.002544756	-0.025575353	0.148871342
11997.42602	-0.042876957	-0.001944213	-0.023329398	0.149402071
11997.43005	-0.04296636	-0.001341605	-0.021073901	0.149897382
11997.43408	-0.043046662	-0.000737073	-0.018809435	0.150357113
11997.43786	-0.043113797	-0.000167376	-0.016673873	0.150756557
11997.44164	-0.043172837	0.000403773	-0.014531378	0.151124329
11997.44543	-0.043223758	0.000976254	-0.01238243	0.151460318
11997.44921	-0.043266537	0.001549946	-0.010227514	0.151764419
11997.4527	-0.043298698	0.002079003	-0.008239025	0.152016079
11997.45618	-0.043323927	0.00260889	-0.006246267	0.152240567
11997.45966	-0.043342207	0.003139511	-0.004249621	0.152437818
11997.46314	-0.043353526	0.003670772	-0.002249467	0.152607774
11997.46622	-0.043357724	0.004139925	-0.000482249	0.152735009
11997.46929	-0.043356488	0.004609436	0.00128714	0.152840924
11997.47236	-0.043349811	0.00507924	0.003058435	0.152925487
11997.47544	-0.043337689	0.005549271	0.004831374	0.152988673
11997.47849	-0.043320257	0.006016217	0.00659344	0.153030242
11997.48154	-0.043297446	0.006483258	0.008356608	0.153050684
11997.48459	-0.043269252	0.006950328	0.010120619	0.153049983
11997.48764	-0.043235675	0.007417364	0.011885214	0.153028125
11997.4908	-0.043195308	0.007899995	0.013709463	0.152983285
11997.49395	-0.043149187	0.008382449	0.015533773	0.152915824
11997.49711	-0.043097312	0.008864654	0.017357856	0.152825736
11997.50026	-0.043039684	0.009346539	0.019181426	0.152713022
11997.50373	-0.04296969	0.00987588	0.021185364	0.152562993
11997.5072	-0.042892749	0.010404653	0.023187953	0.152385629
11997.51066	-0.042808865	0.010932763	0.025188814	0.152180943
11997.51413	-0.042718047	0.011460116	0.027187565	0.151948958
11997.51785	-0.04261302	0.012024366	0.029326978	0.151670044
11997.52157	-0.042500048	0.012587521	0.031463063	0.151359838
11997.52528	-0.042379143	0.013149465	0.033595352	0.151018386
11997.529	-0.042250321	0.013710081	0.03572338	0.150645741
11997.53292	-0.04210568	0.014300637	0.037965865	0.150218345
11997.53685	-0.041952247	0.014889447	0.040202528	0.149756296
11997.54078	-0.041790046	0.015476375	0.042432822	0.14925968
11997.5447	-0.041619103	0.016061286	0.044656202	0.148728595
11997.54881	-0.04143089	0.016671057	0.046974859	0.148136047
11997.55292	-0.041233171	0.017278317	0.049284727	0.147505999
11997.55703	-0.041025981	0.017882912	0.05158519	0.146838589
11997.56113	-0.040809361	0.018484689	0.05387563	0.14613397
11997.56541	-0.040574141	0.019107328	0.056246183	0.145361939
11997.56968	-0.04032882	0.019726583	0.058604545	0.144550037
11997.57395	-0.040073451	0.020342285	0.060950034	0.143698467
11997.57822	-0.039808091	0.020954264	0.063281968	0.142807449
11997.58264	-0.039522888	0.021583776	0.065681332	0.141843611
11997.58707	-0.039227107	0.022208932	0.068064696	0.140837997
11997.59149	-0.038920821	0.022829549	0.070431316	0.139790887
11997.59591	-0.038604107	0.023445442	0.072780457	0.138702575
11997.60048	-0.038266366	0.024075974	0.075185949	0.137536422
11997.60504	-0.03791769	0.024701084	0.077571245	0.136327057
11997.60961	-0.037558173	0.025320575	0.079935552	0.135074846
11997.61417	-0.037187912	0.025934253	0.082278086	0.13378017
11997.61887	-0.036795475	0.026559969	0.08466697	0.13240288
11997.62358	-0.036391866	0.027179106	0.087031096	0.130981421
11997.62828	-0.035977202	0.027791458	0.089369634	0.129516257
11997.63298	-0.035551606	0.02839682	0.091681758	0.128007868
11997.63781	-0.03510269	0.029011822	0.094030955	0.126412208
11997.64265	-0.034642488	0.029619001	0.096350486	0.124771921
11997.64748	-0.034171146	0.030218145	0.098639489	0.123087581
11997.65232	-0.033688814	0.03080904	0.100897109	0.121359777
11997.65728	-0.033181982	0.031407315	0.103183019	0.119540005
11997.66225	-0.032663882	0.031996441	0.105434018	0.117675672
11997.66722	-0.032134691	0.032576198	0.107649221	0.115767473
11997.67218	-0.031594587	0.03314637	0.109827757	0.113816118
11997.67728	-0.031028721	0.033721751	0.112026107	0.11176787
11997.68239	-0.030451745	0.034286572	0.114183967	0.109675681
11997.68749	-0.029863866	0.034840609	0.116300441	0.107540379
11997.69259	-0.029265298	0.035383647	0.118374652	0.10536281
11997.69783	-0.028639551	0.035929775	0.12046037	0.103082919
11997.70307	-0.028002996	0.036463845	0.122499675	0.100760299
11997.70831	-0.027355879	0.036985635	0.124491676	0.098395925
11997.71355	-0.026698451	0.037494929	0.126435502	0.095990791
11997.7188	-0.026029517	0.037992571	0.128334329	0.093540605
11997.72405	-0.025350744	0.038477245	0.130183086	0.091051536
11997.7293	-0.024662396	0.038948748	0.131980962	0.08852464
11997.73455	-0.023964742	0.039406885	0.133727169	0.085960988
11997.73962	-0.02328272	0.039836272	0.135363068	0.083452428
11997.74469	-0.022592532	0.040252861	0.136949439	0.080911624
11997.74976	-0.021894429	0.040656491	0.138485633	0.078339585
11997.75483	-0.021188667	0.041047007	0.139971023	0.07573733
11997.75972	-0.020501062	0.041411035	0.141354761	0.073200216
11997.7646	-0.01980681	0.041762596	0.142690166	0.070636899
11997.76949	-0.01910615	0.042101566	0.143976732	0.068048326
11997.77438	-0.018399321	0.042427822	0.145213973	0.065435454
11997.77909	-0.017712431	0.042730144	0.146359369	0.062894938
11997.7838	-0.017020254	0.043020447	0.147458104	0.060333618
11997.78851	-0.016323011	0.043298635	0.148509791	0.057752377
11997.79323	-0.015620924	0.043564616	0.149514064	0.055152101
11997.79776	-0.014940959	0.043808957	0.150435357	0.052632779
11997.80229	-0.014256918	0.04404184	0.151312121	0.050097465
11997.80683	-0.013569003	0.044263193	0.152144072	0.047546966
11997.81136	-0.012877418	0.044472951	0.15293094	0.044982096
11997.81571	-0.012210682	0.044663226	0.153643223	0.042508718
11997.82006	-0.011540939	0.044842717	0.154313569	0.040023594
11997.82441	-0.010868371	0.045011374	0.15494178	0.037527454
11997.82876	-0.010193163	0.045169152	0.155527672	0.03502103
11997.83291	-0.009546292	0.045309583	0.156047343	0.032619392
11997.83706	-0.008897343	0.045440025	0.156528151	0.030209697
11997.84122	-0.008246479	0.045560445	0.156969968	0.027792591
11997.84537	-0.007593861	0.045670815	0.157372676	0.025368722
11997.8493	-0.006974271	0.045766059	0.15771794	0.023067327
11997.85323	-0.006353391	0.045852243	0.158027944	0.020761
11997.85717	-0.005731362	0.045929347	0.158302616	0.018450298
11997.8611	-0.005108323	0.045997357	0.158541892	0.016135774
11997.86477	-0.004525157	0.046052691	0.158733498	0.013969352
11997.86845	-0.003941344	0.046100057	0.158894092	0.011800534
11997.87213	-0.003356997	0.046139447	0.159023644	0.009629774
11997.8758	-0.002772232	0.046170854	0.159122129	0.007457529
11997.87915	-0.002238825	0.046192528	0.159184832	0.005476158
11997.88251	-0.001705251	0.04620756	0.15922169	0.003494278
11997.88586	-0.001171598	0.04621595	0.159232698	0.001512236
11997.88921	-0.00063795	0.046217697	0.159217859	-0.000469624
11997.89225	-0.000153569	0.046213531	0.159182009	-0.002268361
11997.89529	0.000330671	0.046203894	0.15912487	-0.004066404
11997.89834	0.000814704	0.046188788	0.159046451	-0.005863492
11997.90138	0.001298467	0.046168215	0.158946769	-0.007659369
11997.90442	0.001781778	0.046142188	0.15882587	-0.009453344
11997.90746	0.002264688	0.046110706	0.158683756	-0.011245592
11997.9105	0.002747135	0.046073775	0.158520449	-0.013035855
11997.91355	0.003229052	0.046031402	0.158335976	-0.014823875
11997.91684	0.003749942	0.04597942	0.158112514	-0.016756153
11997.92013	0.004270055	0.045921082	0.157864338	-0.018685179
11997.92342	0.00478931	0.045856399	0.157591496	-0.020610627
11997.92671	0.005307627	0.045785383	0.157294037	-0.022532175
11997.9303	0.005870496	0.045700926	0.156942439	-0.024618388
11997.93388	0.006432055	0.045609004	0.156561834	-0.026699183
11997.93746	0.006992198	0.045509638	0.156152305	-0.028774147
11997.94104	0.007550822	0.04540285	0.15571394	-0.030842865
11997.94486	0.008144676	0.045280835	0.155214868	-0.03304133
11997.94868	0.008736561	0.045150438	0.154683243	-0.03523173
11997.9525	0.009326354	0.045011689	0.154119195	-0.03741357
11997.95632	0.00991393	0.044864624	0.153522862	-0.039586356
11997.96035	0.010530376	0.044700743	0.152859899	-0.041864933
11997.96437	0.011144083	0.044527714	0.152161449	-0.044132346
11997.96839	0.011754909	0.044345586	0.151427701	-0.046388029
11997.97242	0.012362711	0.044154405	0.150658851	-0.048631417
11997.97662	0.012994611	0.043944959	0.149817946	-0.050962486
11997.98083	0.013622894	0.04372574	0.148939166	-0.053278872
11997.98504	0.014247401	0.04349681	0.14802277	-0.055579943
11997.98924	0.014867976	0.043258236	0.147069026	-0.057865069
11997.99362	0.015508824	0.043000048	0.146038159	-0.060223245
11997.99799	0.016145077	0.042731588	0.144967551	-0.062562818
11998.00236	0.016776562	0.042452941	0.143857539	-0.064883099
11998.00673	0.017403108	0.042164191	0.142708473	-0.067183406
11998.01126	0.01804671	0.041854539	0.141477453	-0.069544336
11998.01579	0.018684643	0.041534246	0.140205335	-0.071882364
11998.02032	0.019316721	0.041203417	0.138892549	-0.074196755
11998.02485	0.019942763	0.04086216	0.137539538	-0.076486779
11998.02953	0.020583053	0.04049874	0.136099845	-0.078826466
11998.03421	0.021216508	0.040124435	0.134618217	-0.081138589
11998.03889	0.021842932	0.039739377	0.133095186	-0.083422372
11998.04357	0.022462133	0.039343699	0.131531299	-0.085677052
11998.0484	0.023093063	0.038924581	0.129875955	-0.087971438
11998.05322	0.0237159	0.038494467	0.128178371	-0.090233243
11998.05805	0.024330442	0.038053515	0.126439195	-0.092461662
11998.06288	0.02493649	0.037601888	0.124659088	-0.094655908
11998.06785	0.025551954	0.037125476	0.122782507	-0.096880594
11998.07283	0.026157977	0.036638091	0.120863937	-0.099067328
11998.0778	0.026754354	0.036139924	0.118904154	-0.101215291
11998.08278	0.027340881	0.035631171	0.11690395	-0.103323681
11998.0879	0.027934664	0.035096143	0.11480173	-0.105453718
11998.09303	0.028517567	0.03455031	0.112658362	-0.107540071
11998.09815	0.029089381	0.033993898	0.110474763	-0.109581916
11998.10328	0.029649903	0.033427136	0.108251867	-0.11157845
11998.10856	0.030215631	0.032832364	0.105920496	-0.113588126
11998.11384	0.030768938	0.032227106	0.103549446	-0.115547992
11998.11912	0.031309617	0.031611628	0.101139791	-0.117457235
11998.12441	0.031837467	0.030986199	0.098692627	-0.119315067
11998.12958	0.032341488	0.03036469	0.096262215	-0.121082896
11998.13475	0.032832855	0.029734171	0.093797989	-0.122800045
11998.13992	0.033311395	0.029094905	0.091301021	-0.124465842
11998.14509	0.033776943	0.028447161	0.088772392	-0.126079636
11998.1501	0.034215303	0.027811972	0.086294188	-0.127592483
11998.1551	0.034641182	0.027169332	0.083788322	-0.12905541
11998.16011	0.035054446	0.026519492	0.081255812	-0.130467889
11998.16512	0.035454963	0.025862706	0.078697689	-0.131829413
11998.16997	0.035830523	0.025220355	0.076197197	-0.133098777
11998.17482	0.036193904	0.024571966	0.073674614	-0.134319484
11998.17967	0.036545	0.023917776	0.0711309	-0.135491132
11998.18452	0.036883713	0.023258025	0.068567023	-0.136613336
11998.18921	0.037199594	0.022614537	0.066067768	-0.137651839
11998.1939	0.037503708	0.021966287	0.063551433	-0.138643388
11998.19859	0.037795976	0.021313495	0.061018915	-0.139587685
11998.20329	0.038076324	0.020656383	0.058471113	-0.140484451
11998.20782	0.038335796	0.020017622	0.055995884	-0.141305472
11998.21235	0.038584017	0.019375239	0.053508055	-0.142081659
11998.21689	0.038820933	0.01872944	0.051008448	-0.142812806
11998.22142	0.039046492	0.018080429	0.048497891	-0.143498723
11998.22579	0.039253049	0.017452203	0.046069167	-0.14411671
11998.23016	0.039448978	0.01682137	0.043631793	-0.144692395
11998.23452	0.039634241	0.016188114	0.041186519	-0.145225647
11998.23889	0.039808806	0.015552622	0.038734094	-0.14571635
11998.24309	0.039966238	0.014940853	0.03637464	-0.14614714
11998.24728	0.040113769	0.01432736	0.03400996	-0.146538572
11998.25147	0.040251376	0.013712309	0.03164072	-0.146890577
11998.25566	0.040379043	0.013095865	0.029267589	-0.147203098
11998.25966	0.040491515	0.01250687	0.02700153	-0.147464301
11998.26366	0.040594923	0.011916903	0.024733121	-0.147689527
11998.26765	0.04068926	0.011326108	0.022462943	-0.147878756
11998.27165	0.040774518	0.010734628	0.020191577	-0.148031976
11998.27543	0.04084668	0.010175682	0.018046491	-0.14814359
11998.2792	0.040910746	0.009616375	0.015901352	-0.14822311
11998.28298	0.040966715	0.009056828	0.01375665	-0.148270551
11998.28675	0.041014592	0.008497162	0.011612873	-0.148285934
11998.29025	0.041051787	0.007977767	0.009624603	-0.148271554
11998.29375	0.041082019	0.007458471	0.00763794	-0.148229617
11998.29726	0.041105297	0.006939369	0.005653271	-0.148160159
11998.30076	0.041121626	0.006420559	0.003670984	-0.148063218
11998.3039	0.041130361	0.005956213	0.00189789	-0.147953101
11998.30704	0.041133537	0.005492247	0.000127296	-0.147821011
11998.31017	0.041131163	0.00502873	-0.00164052	-0.147666988
11998.31331	0.041123247	0.004565731	-0.003405282	-0.147491076
11998.31636	0.041110257	0.004116419	-0.005116821	-0.147299229
11998.31941	0.041092055	0.003667723	-0.006824963	-0.147086807
11998.32245	0.041068652	0.003219706	-0.008529455	-0.146853861
11998.3255	0.041040058	0.00277243	-0.010230046	-0.146600442
11998.32857	0.041006063	0.002323215	-0.011936907	-0.14632486
11998.33164	0.04096684	0.001874876	-0.01363931	-0.146028668
11998.3347	0.040922403	0.001427477	-0.015337001	-0.145711932
11998.33777	0.040872766	0.000981081	-0.017029728	-0.145374716
11998.34117	0.040811625	0.000487024	-0.018901805	-0.14497667
11998.34458	0.040744124	-5.63E-06	-0.020767117	-0.144553596
11998.34798	0.040670287	-0.000496812	-0.022625321	-0.144105599
11998.35138	0.040590139	-0.000986422	-0.024476078	-0.143632788
11998.35505	0.040496711	-0.001512319	-0.026462271	-0.143095489
11998.35872	0.040396013	-0.002036192	-0.028438997	-0.142529639
11998.36239	0.040288083	-0.002557938	-0.030405835	-0.141935393
11998.36606	0.040172957	-0.003077452	-0.032362371	-0.141312912
11998.36995	0.040042981	-0.00362611	-0.034426561	-0.140621763
11998.37384	0.039904995	-0.004172017	-0.036478194	-0.139899224
11998.37773	0.03975905	-0.004715052	-0.038516781	-0.139145508
11998.38162	0.039605196	-0.005255092	-0.040541838	-0.138360839
11998.38571	0.03943508	-0.00581916	-0.042654479	-0.137503284
11998.3898	0.039256357	-0.006379653	-0.044751099	-0.136612087
11998.39389	0.039069094	-0.006936432	-0.046831149	-0.135687532
11998.39798	0.03887336	-0.007489364	-0.048894085	-0.134729914
11998.4021	0.038667748	-0.008042188	-0.050953804	-0.133732398
11998.40622	0.038453692	-0.008590837	-0.052995075	-0.132701975
11998.41034	0.038231268	-0.009135175	-0.05501736	-0.131638971
11998.41446	0.038000555	-0.009675069	-0.057020125	-0.130543723
11998.4186	0.03775994	-0.010214103	-0.059016602	-0.129408603
11998.42275	0.037511089	-0.010748364	-0.060992218	-0.1282415
11998.4269	0.037254089	-0.01127772	-0.062946448	-0.127042785
11998.43104	0.036989029	-0.011802039	-0.064878771	-0.125812836
11998.43537	0.036704309	-0.012342982	-0.066868758	-0.124498175
11998.43969	0.036411042	-0.012878171	-0.068833821	-0.12315046
11998.44401	0.036109337	-0.013407464	-0.070773396	-0.12177015
11998.44833	0.035799305	-0.013930723	-0.072686927	-0.120357715
11998.45284	0.035467034	-0.014470153	-0.074655315	-0.11885012
11998.45735	0.035125953	-0.015002708	-0.076594135	-0.117308619
11998.46186	0.034776196	-0.015528234	-0.078502786	-0.115733779
11998.46637	0.034417899	-0.016046585	-0.080380677	-0.114126177
11998.47106	0.03403623	-0.016578081	-0.082301086	-0.112419551
11998.47576	0.033645631	-0.017101489	-0.084186932	-0.110678774
11998.48045	0.033246266	-0.01761665	-0.086037589	-0.10890453
11998.48514	0.032838301	-0.018123409	-0.087852443	-0.107097517
11998.49001	0.032405631	-0.018640712	-0.089698948	-0.105186668
11998.49489	0.03196406	-0.01914862	-0.091505521	-0.103242037
11998.49976	0.031513783	-0.01964697	-0.093271522	-0.101264443
11998.50463	0.031055	-0.020135603	-0.094996328	-0.099254717
11998.50969	0.030569906	-0.020632458	-0.096742791	-0.097135122
11998.51475	0.03007609	-0.021118505	-0.098443537	-0.09498276
11998.51981	0.029573787	-0.02159358	-0.100097927	-0.092798603
11998.52487	0.029063231	-0.022057526	-0.101705343	-0.090583634
11998.5299	0.028548173	-0.022507185	-0.103254865	-0.088354029
11998.53493	0.028025446	-0.022945567	-0.104756887	-0.086095994
11998.53995	0.027495291	-0.023372532	-0.106210861	-0.083810528
11998.54498	0.02695795	-0.023787943	-0.107616266	-0.081498642
11998.54986	0.026429443	-0.024180207	-0.108934217	-0.079229027
11998.55474	0.025894617	-0.024561335	-0.110205439	-0.076936396
11998.55962	0.025353701	-0.024931219	-0.11142951	-0.0746217
11998.5645	0.024806926	-0.025289753	-0.112606026	-0.072285898
11998.56924	0.024271039	-0.025626677	-0.113701724	-0.07000033
11998.57397	0.02373007	-0.025952734	-0.11475196	-0.067696693
11998.57871	0.023184236	-0.026267841	-0.115756418	-0.065375882
11998.58344	0.022633754	-0.026571917	-0.116714802	-0.0630388
11998.58803	0.022095916	-0.026856075	-0.117599565	-0.06075868
11998.59262	0.021554117	-0.027129733	-0.118440532	-0.058464953
11998.59722	0.021008558	-0.027392833	-0.119237479	-0.056158453
11998.60181	0.020459442	-0.027645317	-0.119990197	-0.053840019
11998.60625	0.019924875	-0.027879485	-0.120676305	-0.05158593
11998.61069	0.019387353	-0.028103619	-0.121320658	-0.049322219
11998.61513	0.018847061	-0.028317677	-0.121923109	-0.047049656
11998.61957	0.018304186	-0.028521621	-0.122483528	-0.04476901
11998.62386	0.017777999	-0.02870882	-0.122984407	-0.04256108
11998.62815	0.017249748	-0.02888654	-0.123445936	-0.040347038
11998.63244	0.016719603	-0.029054756	-0.123868035	-0.038127582
11998.63672	0.016187734	-0.029213447	-0.124250634	-0.03590341
11998.64084	0.01567505	-0.02935698	-0.124581096	-0.033761815
11998.64496	0.01516108	-0.029491682	-0.124874976	-0.031617131
11998.64909	0.014645974	-0.029617542	-0.125132246	-0.029469981
11998.65321	0.014129884	-0.029734549	-0.125352888	-0.027320986
11998.65714	0.01363606	-0.029838058	-0.125529459	-0.025266813
11998.66108	0.013141608	-0.029933479	-0.125672596	-0.023212066
11998.66502	0.012646657	-0.030020812	-0.125782311	-0.02115729
11998.66895	0.012151341	-0.030100056	-0.125858624	-0.019103026
11998.67268	0.011682384	-0.030167602	-0.125900107	-0.017159951
11998.6764	0.011213328	-0.030227912	-0.125911734	-0.015218278
11998.68013	0.010744284	-0.030280992	-0.125893544	-0.013278465
11998.68385	0.010275364	-0.03032685	-0.125845583	-0.011340968
11998.68732	0.009838861	-0.03036307	-0.125774189	-0.009539039
11998.69079	0.009402651	-0.030393044	-0.125677066	-0.007739883
11998.69426	0.008966822	-0.030416781	-0.12555427	-0.005943865
11998.69773	0.008531464	-0.030434292	-0.125405857	-0.004151354
11998.70086	0.008139227	-0.030444759	-0.125250059	-0.002537731
11998.70399	0.00774751	-0.03045018	-0.12507352	-0.000927525
11998.70712	0.007356378	-0.030450568	-0.124876294	0.000678999
11998.71025	0.006965895	-0.030445934	-0.124658438	0.002281574
11998.71331	0.006585095	-0.03043657	-0.124425735	0.003843171
11998.71637	0.006205037	-0.030422437	-0.124173459	0.005400501
11998.71942	0.005825779	-0.03040355	-0.123901673	0.006953317
11998.72248	0.005447383	-0.030379922	-0.123610443	0.008501376
11998.72554	0.005069065	-0.030351499	-0.123299123	0.010047871
11998.72861	0.004691731	-0.030318346	-0.122968414	0.011589098
11998.73167	0.004315439	-0.030280478	-0.122618391	0.013124813
11998.73474	0.00394025	-0.030237913	-0.122249134	0.014654775
11998.73805	0.003535475	-0.03018657	-0.121827886	0.016303965
11998.74137	0.003132133	-0.030129769	-0.121384309	0.017945828
11998.74469	0.002730299	-0.030067535	-0.120918513	0.01958006
11998.74801	0.002330048	-0.029999894	-0.120430615	0.021206361
11998.75159	0.0018996	-0.029920792	-0.11987895	0.022953659
11998.75517	0.001471174	-0.029835448	-0.119301797	0.024690979
11998.75875	0.001044861	-0.029743899	-0.118699317	0.026417948
11998.76233	0.000620751	-0.029646183	-0.118071679	0.028134195
11998.76614	0.000172687	-0.029535654	-0.1173775	0.029945397
11998.76995	-0.000272681	-0.029418257	-0.116655332	0.031743644
11998.77375	-0.000715249	-0.029294041	-0.115905398	0.033528503
11998.77756	-0.001154909	-0.029163058	-0.115127923	0.035299544
11998.78156	-0.001614079	-0.029018052	-0.114280741	0.03714689
11998.78556	-0.002069799	-0.028865683	-0.113403634	0.038977986
11998.78957	-0.002521947	-0.028706017	-0.112496889	0.040792344
11998.79357	-0.002970408	-0.028539123	-0.111560803	0.042589482
11998.79772	-0.003431543	-0.028358452	-0.110559189	0.044434829
11998.80187	-0.003888456	-0.02817016	-0.109526684	0.046260609
11998.80603	-0.004341018	-0.027974329	-0.108463645	0.048066303
11998.81018	-0.004789104	-0.027771043	-0.107370439	0.049851396
11998.81436	-0.005236003	-0.02755873	-0.106238634	0.051628947
11998.81855	-0.005678103	-0.027339025	-0.105076966	0.05338455
11998.82273	-0.00611528	-0.027112022	-0.103885835	0.055117698
11998.82692	-0.006547413	-0.026877814	-0.102665651	0.056827893
11998.83114	-0.006978374	-0.026634195	-0.101404944	0.058530405
11998.83536	-0.007403949	-0.026383437	-0.1001155	0.060208532
11998.83959	-0.007824018	-0.026125644	-0.098797765	0.061861785
11998.84381	-0.008238463	-0.025860921	-0.097452195	0.063489681
11998.84808	-0.008651606	-0.025586369	-0.096064081	0.065109132
11998.85235	-0.009058764	-0.025304959	-0.09464848	0.066701704
11998.85662	-0.009459819	-0.025016808	-0.093205889	0.068266925
11998.86089	-0.009854659	-0.024722033	-0.091736812	0.069804333
11998.86521	-0.010248063	-0.024416886	-0.090222608	0.071332456
11998.86954	-0.010634863	-0.024105195	-0.088682305	0.072831127
11998.87386	-0.011014947	-0.023787088	-0.087116452	0.074299895
11998.87818	-0.011388206	-0.023462696	-0.085525604	0.075738318
11998.88269	-0.011769579	-0.023118307	-0.083842797	0.077203687
11998.88719	-0.012143316	-0.022767395	-0.082134135	0.078635198
11998.89169	-0.0125093	-0.022410114	-0.080400272	0.080032387
11998.8962	-0.012867421	-0.022046619	-0.07864187	0.081394801
11998.90089	-0.013232156	-0.021661355	-0.076783937	0.082777183
11998.90558	-0.013588112	-0.021269694	-0.074900849	0.084120838
11998.91028	-0.013935172	-0.020871818	-0.072993383	0.085425301
11998.91497	-0.014273225	-0.020467914	-0.071062324	0.08669012
11998.91975	-0.0146078	-0.020050991	-0.069074292	0.087935799
11998.92452	-0.014932827	-0.01962822	-0.067063507	0.089139549
11998.9293	-0.015248201	-0.019199803	-0.065030822	0.090300946
11998.93407	-0.015553818	-0.018765942	-0.062977099	0.09141958
11998.93871	-0.015841117	-0.018339688	-0.060963813	0.092464387
11998.94334	-0.01611904	-0.017908686	-0.058932317	0.093468172
11998.94798	-0.016387504	-0.017473125	-0.056883419	0.094430609
11998.95261	-0.016646431	-0.0170332	-0.054817933	0.095351386
11998.9571	-0.016888013	-0.016603202	-0.052802697	0.096203075
11998.96159	-0.017120516	-0.016169469	-0.050773424	0.097015166
11998.96608	-0.017343879	-0.01573218	-0.048730868	0.097787418
11998.97057	-0.017558043	-0.015291514	-0.046675786	0.098519607
11998.97491	-0.01775625	-0.014862548	-0.04467826	0.099189028
11998.97925	-0.017945767	-0.014430759	-0.042670435	0.099820645
11998.98359	-0.01812655	-0.013996312	-0.040653007	0.100414292
11998.98793	-0.01829856	-0.013559372	-0.038626672	0.100969815
11998.99211	-0.018455995	-0.013136074	-0.036666053	0.101468984
11998.99629	-0.018605215	-0.012710763	-0.03469844	0.1019325
11999.00047	-0.018746194	-0.012283588	-0.032724462	0.102360259
11999.00466	-0.018878906	-0.0118547	-0.030744751	0.102752167
11999.00867	-0.018998451	-0.011441703	-0.028840389	0.10309443
11999.01268	-0.019110347	-0.0110274	-0.026931893	0.103403549
11999.01669	-0.019214578	-0.010611924	-0.025019822	0.103679471
11999.02071	-0.01931113	-0.010195406	-0.02310474	0.103922151
11999.02453	-0.019396003	-0.009797546	-0.021277041	0.104122493
11999.02836	-0.019473883	-0.009398978	-0.019447604	0.104292581
11999.03218	-0.019544763	-0.008999816	-0.017616916	0.1044324
11999.036	-0.019608639	-0.008600178	-0.015785465	0.104541943
11999.03961	-0.019662471	-0.008222884	-0.014057676	0.104617525
11999.04322	-0.01971007	-0.007845366	-0.012330051	0.104666178
11999.04683	-0.019751436	-0.007467721	-0.010602999	0.104687916
11999.05044	-0.019786574	-0.007090046	-0.008876929	0.104682759
11999.05378	-0.019813569	-0.006740265	-0.007279307	0.10465401
11999.05712	-0.019835227	-0.006390619	-0.005683201	0.104602231
11999.06046	-0.019851555	-0.006041184	-0.004088936	0.104527452
11999.0638	-0.019862558	-0.005692037	-0.002496833	0.104429708
11999.06685	-0.019867961	-0.005373539	-0.001045209	0.104320429
11999.06991	-0.019868939	-0.005055405	0.000404097	0.104192066
11999.07296	-0.019865498	-0.004737691	0.001850841	0.104044655
11999.07601	-0.019857646	-0.004420455	0.003294779	0.103878235
11999.07906	-0.019845378	-0.00410342	0.0047372	0.103692641
11999.08212	-0.019828709	-0.00378698	0.00617632	0.103488084
11999.08517	-0.019807648	-0.003471194	0.007611896	0.103264614
11999.08823	-0.019782209	-0.003156119	0.009043686	0.103022281
11999.09129	-0.019752354	-0.002841348	0.010473566	0.102760739
11999.09435	-0.019718131	-0.002527405	0.011899163	0.10248039
11999.0974	-0.019679554	-0.002214348	0.013320236	0.102181296
11999.10046	-0.019636637	-0.001902235	0.014736544	0.101863521
11999.10378	-0.01958529	-0.001565408	0.016264479	0.101498445
11999.10709	-0.019528891	-0.001229826	0.017786243	0.101111634
11999.1104	-0.019467462	-0.000895561	0.019301535	0.10070318
11999.11371	-0.019401025	-0.000562685	0.020810053	0.100273182
11999.11727	-0.019324113	-0.000206776	0.022422445	0.099787445
11999.12083	-0.019241479	0.000147362	0.024026309	0.099277101
11999.12439	-0.019153155	0.000499639	0.025621279	0.098742287
11999.12795	-0.019059172	0.000849971	0.027206989	0.098183145
11999.13171	-0.018953565	0.001218579	0.028874966	0.097564954
11999.13548	-0.018841696	0.001584809	0.030531737	0.096919851
11999.13924	-0.01872361	0.001948559	0.032176875	0.096248024
11999.14301	-0.018599351	0.002309728	0.03380996	0.095549668
11999.14696	-0.018462444	0.002685649	0.035509363	0.094788937
11999.15091	-0.018318852	0.003058507	0.037194569	0.093999483
11999.15486	-0.018168632	0.003428191	0.038865103	0.093181556
11999.15881	-0.018011844	0.003794589	0.040520497	0.092335409
11999.16293	-0.017841483	0.004172899	0.042229442	0.091423639
11999.16704	-0.017664121	0.004547394	0.043920906	0.0904818
11999.17116	-0.017479832	0.004917949	0.045594372	0.089510206
11999.17528	-0.01728869	0.005284443	0.047249328	0.088509182
11999.17944	-0.017088655	0.005650546	0.048902383	0.087468066
11999.1836	-0.016881783	0.006012256	0.050535505	0.08639759
11999.18776	-0.016668159	0.006369452	0.052148183	0.085298114
11999.19192	-0.016447868	0.006722013	0.053739914	0.08417001
11999.19612	-0.016219131	0.007072626	0.055322859	0.083004155
11999.20031	-0.015983801	0.007418289	0.056883509	0.081809986
11999.2045	-0.015741972	0.007758884	0.058421368	0.080587909
11999.2087	-0.015493742	0.008094295	0.059935949	0.079338338
11999.21293	-0.015236748	0.008427533	0.061440884	0.078049382
11999.21717	-0.014973435	0.008755255	0.062921118	0.076733279
11999.2214	-0.014703906	0.009077348	0.064376172	0.07539048
11999.22564	-0.014428271	0.009393699	0.065805576	0.074021445
11999.22992	-0.014143475	0.009707614	0.067224309	0.072611005
11999.2342	-0.013852663	0.010015435	0.068615877	0.071174714
11999.23848	-0.013555952	0.010317051	0.069979819	0.069713075
11999.24276	-0.013253462	0.010612357	0.071315684	0.068226594
11999.24715	-0.012937531	0.01090839	0.072655371	0.066677682
11999.25154	-0.012615787	0.011197571	0.073964628	0.065103779
11999.25593	-0.012288365	0.011479791	0.075243	0.063505459
11999.26032	-0.011955402	0.011754943	0.076490042	0.061883303
11999.26486	-0.011604964	0.012032276	0.077747736	0.06017926
11999.26941	-0.01124889	0.01230181	0.078970908	0.05845096
11999.27395	-0.010887338	0.012563436	0.080159101	0.056699075
11999.27849	-0.010520466	0.01281705	0.081311873	0.054924287
11999.28289	-0.010160374	0.01305485	0.082393749	0.053184895
11999.28729	-0.009795597	0.013284954	0.083441641	0.051425314
11999.29169	-0.009426285	0.013507274	0.084455183	0.049646184
11999.29609	-0.009052591	0.013721725	0.085434017	0.047848148
11999.30033	-0.008688217	0.013920999	0.086344749	0.046096941
11999.30457	-0.008320049	0.01411281	0.087222588	0.04432935
11999.30882	-0.007948227	0.014297088	0.088067246	0.042545971
11999.31306	-0.007572893	0.014473768	0.088878447	0.040747405
11999.31722	-0.00720134	0.01463968	0.089641618	0.038968483
11999.32138	-0.006826679	0.014798159	0.09037208	0.037176097
11999.32555	-0.006449046	0.01494915	0.091069603	0.035370828
11999.32971	-0.006068578	0.015092601	0.091733965	0.03355326
11999.33383	-0.005689416	0.015227087	0.092358563	0.031743076
11999.33795	-0.005307748	0.015354094	0.092950285	0.029921996
11999.34207	-0.004923711	0.015473578	0.093508948	0.028090596
11999.34619	-0.004537441	0.015585499	0.094034377	0.026249456
11999.35012	-0.004166067	0.015685423	0.094505633	0.024480095
11999.35406	-0.003792897	0.015778361	0.094946206	0.022702869
11999.358	-0.003418052	0.015864283	0.09535597	0.020918292
11999.36194	-0.003041653	0.015943161	0.095734805	0.01912688
11999.36568	-0.002683645	0.016011385	0.09606516	0.017423449
11999.36941	-0.002324455	0.01607324	0.096367555	0.015714787
11999.37314	-0.001964189	0.016128707	0.096641912	0.014001338
11999.37688	-0.001602951	0.01617777	0.096888158	0.012283546
11999.38037	-0.00126428	0.016217851	0.097092981	0.01067327
11999.38386	-0.000924937	0.016252303	0.097273104	0.009059951
11999.38735	-0.000585008	0.016281117	0.097428484	0.007443952
11999.39084	-0.00024458	0.016304284	0.097559083	0.005825643
11999.39403	6.66E-05	0.016320498	0.097656648	0.004346478
11999.39722	0.000378019	0.016331994	0.09773351	0.002865973
11999.40041	0.00068967	0.016338769	0.097789652	0.001384406
11999.40359	0.001001466	0.01634082	0.097825061	-9.79E-05
11999.40665	0.001300295	0.016338351	0.09783953	-0.001518749
11999.4097	0.001599139	0.016331542	0.097834951	-0.002939769
11999.41276	0.001897939	0.016320392	0.09781132	-0.004360756
11999.41581	0.002196639	0.016304903	0.09776864	-0.005781462
11999.41886	0.002494933	0.016285093	0.097706974	-0.00720047
11999.42191	0.002793009	0.016260953	0.097626301	-0.008618705
11999.42497	0.003090811	0.016232486	0.097526631	-0.010035921
11999.42802	0.003388279	0.016199696	0.09740798	-0.011451873
11999.43115	0.003693438	0.016161517	0.097266351	-0.012904798
11999.43429	0.003998121	0.016118785	0.097104732	-0.014355864
11999.43742	0.004302267	0.016071507	0.096923147	-0.015804804
11999.44056	0.004605811	0.016019691	0.096721625	-0.017251354
11999.44396	0.004934607	0.015958306	0.096480304	-0.01881881
11999.44737	0.005262542	0.015891592	0.096215568	-0.020382797
11999.45077	0.005589536	0.015819561	0.095927466	-0.021942979
11999.45417	0.00591551	0.015742227	0.095616054	-0.023499017
11999.4578	0.006261317	0.01565409	0.09525899	-0.025150576
11999.46142	0.006605782	0.015559977	0.094875656	-0.026796655
11999.46504	0.006948812	0.015459912	0.094466135	-0.028436849
11999.46867	0.00729031	0.015353914	0.094030519	-0.030070756
11999.47248	0.007647817	0.015236026	0.093544181	-0.031782435
11999.47629	0.008003415	0.015111628	0.093029188	-0.033486247
11999.4801	0.008356996	0.014980752	0.092485668	-0.035181731
11999.48391	0.008708451	0.014843429	0.091913755	-0.036868426
11999.48789	0.009072938	0.014693243	0.091286619	-0.038619236
11999.49187	0.009434869	0.014536111	0.090628869	-0.04035945
11999.49585	0.009794122	0.014372077	0.089940684	-0.042088551
11999.49983	0.010150576	0.014201186	0.089222249	-0.043806027
11999.50393	0.010514611	0.014018081	0.088450975	-0.045562041
11999.50802	0.010875421	0.013827807	0.087648051	-0.047304631
11999.51212	0.011232875	0.013630421	0.086813709	-0.049033248
11999.51622	0.011586847	0.013425982	0.08594819	-0.050747346
11999.52045	0.01194804	0.013207866	0.085023389	-0.052498947
11999.52467	0.012305257	0.012982384	0.084065995	-0.054233949
11999.5289	0.01265836	0.012749608	0.083076304	-0.055951767
11999.53312	0.013007214	0.012509612	0.082054622	-0.057651824
11999.53747	0.013361536	0.012255251	0.080970471	-0.059381687
11999.54181	0.013711073	0.011993414	0.079853151	-0.061091528
11999.54616	0.014055681	0.011724189	0.078703028	-0.062780733
11999.55051	0.01439522	0.011447668	0.077520479	-0.064448701
11999.55497	0.014738564	0.011156132	0.07627243	-0.066139271
11999.55944	0.01507626	0.0108571	0.074991012	-0.067806161
11999.5639	0.015408162	0.01055068	0.073676669	-0.06944874
11999.56837	0.015734122	0.010236981	0.072329856	-0.071066385
11999.57295	0.016062272	0.009907639	0.070914598	-0.072699725
11999.57753	0.016383861	0.009570877	0.069466163	-0.074305507
11999.58211	0.016698739	0.009226822	0.067985083	-0.075883088
11999.58669	0.017006758	0.008875605	0.066471901	-0.077431832
11999.59123	0.017304795	0.00852098	0.064942783	-0.078936059
11999.59576	0.017595827	0.008159598	0.063383297	-0.080410817
11999.6003	0.017879718	0.007791595	0.061794003	-0.081855519
11999.60484	0.018156334	0.007417109	0.060175473	-0.083269592
11999.60926	0.018419156	0.007045514	0.058568245	-0.084619577
11999.61369	0.018674804	0.00666801	0.056934279	-0.085939337
11999.61811	0.018923161	0.006284731	0.055274136	-0.087228368
11999.62254	0.019164113	0.005895816	0.053588386	-0.088486178
11999.62689	0.019393724	0.00550801	0.05190628	-0.089692142
11999.63125	0.019615962	0.005115022	0.050200533	-0.090866999
11999.6356	0.019830725	0.004716989	0.048471713	-0.09201031
11999.63995	0.020037913	0.004314049	0.046720394	-0.093121646
11999.64424	0.020234696	0.003912067	0.044972073	-0.094185748
11999.64854	0.020423932	0.003505587	0.043203011	-0.095217964
11999.65283	0.02060553	0.003094745	0.041413783	-0.096217915
11999.65712	0.020779407	0.002679681	0.039604969	-0.09718523
11999.66136	0.020943556	0.00226553	0.03779894	-0.098108664
11999.6656	0.021100007	0.001847531	0.035974933	-0.098999542
11999.66984	0.021248685	0.001425824	0.034133525	-0.099857538
11999.67409	0.021389517	0.001000548	0.032275301	-0.100682333
11999.67825	0.021520102	0.000579622	0.030434868	-0.101459621
11999.68242	0.021642991	0.000155527	0.028579353	-0.102204322
11999.68658	0.021758122	-0.000271601	0.026709326	-0.102916165
11999.69074	0.021865436	-0.000701625	0.024825358	-0.103594889
11999.69471	0.02196025	-0.001113419	0.023020067	-0.104209811
11999.69867	0.022047886	-0.001527589	0.021203175	-0.104794303
11999.70263	0.022128299	-0.001944016	0.019375188	-0.105348167
11999.7066	0.022201447	-0.002362576	0.017536614	-0.105871211
11999.71033	0.022263668	-0.002758696	0.015795481	-0.106335557
11999.71406	0.022319373	-0.003156498	0.014045837	-0.106772245
11999.7178	0.022368531	-0.003555878	0.012288115	-0.107181138
11999.72153	0.022411113	-0.003956732	0.010522749	-0.107562102
11999.72499	0.022444702	-0.004329721	0.008879056	-0.107890345
11999.72845	0.02247259	-0.004703804	0.007229513	-0.108194363
11999.73192	0.022494758	-0.005078898	0.005574472	-0.108474064
11999.73538	0.022511185	-0.005454918	0.003914285	-0.108729364
11999.73849	0.022521039	-0.005793597	0.002418046	-0.108937934
11999.7416	0.022526231	-0.006132894	0.000918194	-0.109126672
