0;-0.412643657;1.32E-09;4.60E-08;-8.59E-07;0;1
0.034847026;-0.412643657;-2.87E-08;-5.75E-08;-8.62E-07;0.075706652;0.997130133
0.071726955;-0.412643661;-6.03E-08;-1.67E-07;-8.50E-07;0.155347402;0.987859901
0.108606884;-0.41264367;-9.12E-08;-2.74E-07;-8.24E-07;0.233989488;0.972239127
0.145486813;-0.412643682;-1.21E-07;-3.76E-07;-7.83E-07;0.311127353;0.950368229
0.182366742;-0.412643697;-1.49E-07;-4.72E-07;-7.28E-07;0.386265108;0.922387807
0.217347328;-0.412643715;-1.73E-07;-5.54E-07;-6.65E-07;0.455246093;0.890365652
0.252327915;-0.412643736;-1.95E-07;-6.28E-07;-5.91E-07;0.521594027;0.853193806
0.287308501;-0.412643759;-2.14E-07;-6.91E-07;-5.09E-07;0.584925169;0.811087262
0.322289088;-0.412643784;-2.31E-07;-7.42E-07;-4.19E-07;0.644873224;0.764289556
0.35753194;-0.412643811;-2.44E-07;-7.81E-07;-3.24E-07;0.701498036;0.712671386
0.392774792;-0.412643839;-2.54E-07;-8.07E-07;-2.25E-07;0.754004491;0.656869263
0.428017645;-0.412643868;-2.60E-07;-8.19E-07;-1.24E-07;0.802084332;0.597210788
0.463260497;-0.412643897;-2.62E-07;-8.18E-07;-2.29E-08;0.845455292;0.534046205
0.499390697;-0.412643926;-2.61E-07;-8.03E-07;7.83E-08;0.884763689;0.466039928
0.535520898;-0.412643954;-2.57E-07;-7.74E-07;1.75E-07;0.918613091;0.395158182
0.571651098;-0.412643982;-2.49E-07;-7.33E-07;2.66E-07;0.946794646;0.32183831
0.607781298;-0.412644007;-2.37E-07;-6.80E-07;3.49E-07;0.969134475;0.246532694
0.642547606;-0.41264403;-2.24E-07;-6.20E-07;4.21E-07;0.984987067;0.172628149
0.677313914;-0.41264405;-2.08E-07;-5.51E-07;4.82E-07;0.995212244;0.097737348
0.712080222;-0.412644068;-1.91E-07;-4.76E-07;5.33E-07;0.999751588;0.022288155
0.746846529;-0.412644083;-1.71E-07;-3.96E-07;5.73E-07;0.998579165;-0.053288374
0.783072462;-0.412644096;-1.50E-07;-3.10E-07;6.01E-07;0.99128861;-0.131707599
0.819298395;-0.412644106;-1.28E-07;-2.22E-07;6.17E-07;0.977849362;-0.209309877
0.855524328;-0.412644112;-1.06E-07;-1.35E-07;6.19E-07;0.958344782;-0.285613863
0.891750261;-0.412644116;-8.33E-08;-4.99E-08;6.09E-07;0.93289585;-0.360146265
0.927075419;-0.412644116;-6.21E-08;2.87E-08;5.88E-07;0.902505783;-0.430677735
0.962400578;-0.412644114;-4.18E-08;1.01E-07;5.56E-07;0.866792516;-0.498668963
0.997725736;-0.412644109;-2.29E-08;1.67E-07;5.15E-07;0.825966694;-0.563718919
1.033050894;-0.412644102;-5.55E-09;2.24E-07;4.66E-07;0.78026912;-0.625443923
1.068136256;-0.412644093;9.84E-09;2.72E-07;4.10E-07;0.730325639;-0.683099159
1.103221617;-0.412644083;2.32E-08;3.10E-07;3.50E-07;0.676132776;-0.736779797
1.138306979;-0.412644072;3.44E-08;3.37E-07;2.86E-07;0.618005849;-0.786173499
1.173392341;-0.412644059;4.33E-08;3.53E-07;2.21E-07;0.55628307;-0.830992868
1.210321379;-0.412644046;5.02E-08;3.58E-07;1.52E-07;0.48782762;-0.872939983
1.247250417;-0.412644033;5.46E-08;3.52E-07;8.58E-08;0.416227775;-0.90926038
1.284179456;-0.41264402;5.65E-08;3.35E-07;2.31E-08;0.341945047;-0.93971995
1.321108494;-0.412644008;5.63E-08;3.08E-07;-3.40E-08;0.265458241;-0.964122359
1.356111841;-0.412643998;5.43E-08;2.73E-07;-8.17E-08;0.19137229;-0.981517522
1.391115187;-0.412643989;5.07E-08;2.32E-07;-1.22E-07;0.11617804;-0.993228404
1.426118534;-0.412643982;4.59E-08;1.86E-07;-1.53E-07;0.040310967;-0.999187183
1.461121881;-0.412643976;4.01E-08;1.36E-07;-1.76E-07;-0.035789561;-0.999359348
1.497152089;-0.412643973;3.35E-08;8.12E-08;-1.89E-07;-0.113901605;-0.993492035
1.533182297;-0.412643971;2.66E-08;2.60E-08;-1.91E-07;-0.191314759;-0.981528738
1.569212505;-0.412643971;1.98E-08;-2.83E-08;-1.83E-07;-0.267554022;-0.963542861
1.605242713;-0.412643973;1.36E-08;-7.99E-08;-1.65E-07;-0.342151595;-0.939644766
1.640973833;-0.412643976;8.13E-09;-1.27E-07;-1.37E-07;-0.414057812;-0.910250586
1.676704953;-0.412643982;3.83E-09;-1.68E-07;-1.02E-07;-0.483465388;-0.875363478
1.712436073;-0.412643988;9.57E-10;-2.02E-07;-5.83E-08;-0.549955482;-0.835193971
1.748167193;-0.412643996;-2.56E-10;-2.27E-07;-8.83E-09;-0.613126857;-0.789984467
1.783296889;-0.412644004;3.55E-10;-2.43E-07;4.44E-08;-0.671629894;-0.740886823
1.818426585;-0.412644013;2.89E-09;-2.50E-07;1.01E-07;-0.726215191;-0.687467451
1.853556281;-0.412644022;7.45E-09;-2.46E-07;1.58E-07;-0.776564341;-0.630037954
1.888685976;-0.41264403;1.40E-08;-2.32E-07;2.16E-07;-0.822383649;-0.56893333
1.926104134;-0.412644038;2.32E-08;-2.06E-07;2.75E-07;-0.865905855;-0.500207007
1.963522292;-0.412644045;3.46E-08;-1.69E-07;3.30E-07;-0.903697938;-0.428170569
2.00094045;-0.412644051;4.79E-08;-1.21E-07;3.80E-07;-0.935509809;-0.353300717
2.038358608;-0.412644054;6.29E-08;-6.38E-08;4.21E-07;-0.961130954;-0.276092901
2.07347157;-0.412644055;7.82E-08;-2.89E-09;4.51E-07;-0.97939167;-0.201970185
2.108584531;-0.412644054;9.45E-08;6.39E-08;4.73E-07;-0.991944854;-0.126670463
2.143697493;-0.412644051;1.11E-07;1.35E-07;4.84E-07;-0.99871735;-0.050632551
2.178810454;-0.412644045;1.28E-07;2.09E-07;4.84E-07;-0.999669689;0.025700428
2.214663838;-0.412644036;1.45E-07;2.85E-07;4.72E-07;-0.994630987;0.103485263
2.250517222;-0.412644024;1.62E-07;3.61E-07;4.48E-07;-0.983549037;0.180641335
2.286370606;-0.41264401;1.77E-07;4.34E-07;4.13E-07;-0.966491172;0.256699853
2.322223989;-0.412643993;1.91E-07;5.03E-07;3.65E-07;-0.943561033;0.331198697
2.358027416;-0.412643974;2.04E-07;5.66E-07;3.08E-07;-0.914941791;0.403585826
2.393830842;-0.412643953;2.13E-07;6.20E-07;2.40E-07;-0.880778956;0.473527645
2.429634268;-0.41264393;2.21E-07;6.66E-07;1.63E-07;-0.841279518;0.540600381
2.465437695;-0.412643905;2.25E-07;7.00E-07;7.98E-08;-0.796682804;0.604397642
2.500390863;-0.41264388;2.26E-07;7.23E-07;-7.48E-09;-0.74848646;0.663150072
2.535344031;-0.412643855;2.24E-07;7.33E-07;-9.85E-08;-0.695967805;0.718072987
2.5702972;-0.412643829;2.19E-07;7.31E-07;-1.92E-07;-0.639430119;0.76884922
2.605250368;-0.412643804;2.11E-07;7.16E-07;-2.85E-07;-0.579199894;0.815185551
2.642350544;-0.412643778;1.99E-07;6.86E-07;-3.82E-07;-0.511618928;0.859212472
2.679450719;-0.412643753;1.83E-07;6.42E-07;-4.76E-07;-0.440709596;0.897649738
2.716550895;-0.41264373;1.63E-07;5.85E-07;-5.63E-07;-0.366933203;0.930247292
2.753651071;-0.41264371;1.41E-07;5.15E-07;-6.42E-07;-0.290769705;0.95679307
2.788668283;-0.412643693;1.17E-07;4.38E-07;-7.08E-07;-0.217138388;0.97614083
2.823685495;-0.412643679;9.16E-08;3.53E-07;-7.63E-07;-0.142248557;0.989830969
2.858702707;-0.412643669;6.41E-08;2.61E-07;-8.07E-07;-0.066534267;0.997784141
2.893719919;-0.412643661;3.52E-08;1.62E-07;-8.38E-07;0.009565649;0.999954248
2.929108725;-0.412643657;5.19E-09;5.95E-08;-8.57E-07;0.086415207;0.996259209
