11996.26211	2.24E-05	-1.12E-05	1.71E-06	-8.87E-05
11996.27551	2.24E-05	-1.24E-05	-3.14E-06	-9.00E-05
11996.28892	2.23E-05	-1.36E-05	-8.09E-06	-9.10E-05
11996.30245	2.22E-05	-1.48E-05	-1.32E-05	-9.17E-05
11996.31598	2.19E-05	-1.61E-05	-1.83E-05	-9.22E-05
11996.32952	2.17E-05	-1.73E-05	-2.35E-05	-9.23E-05
11996.34305	2.13E-05	-1.86E-05	-2.88E-05	-9.22E-05
11996.35618	2.09E-05	-1.98E-05	-3.39E-05	-9.18E-05
11996.3693	2.04E-05	-2.10E-05	-3.90E-05	-9.11E-05
11996.38243	1.99E-05	-2.22E-05	-4.41E-05	-9.01E-05
11996.39555	1.93E-05	-2.33E-05	-4.92E-05	-8.89E-05
11996.40844	1.86E-05	-2.45E-05	-5.41E-05	-8.74E-05
11996.42133	1.79E-05	-2.56E-05	-5.90E-05	-8.56E-05
11996.43422	1.71E-05	-2.67E-05	-6.38E-05	-8.36E-05
11996.44711	1.62E-05	-2.77E-05	-6.86E-05	-8.13E-05
11996.4599	1.53E-05	-2.88E-05	-7.32E-05	-7.87E-05
11996.4727	1.43E-05	-2.97E-05	-7.77E-05	-7.59E-05
11996.4855	1.33E-05	-3.07E-05	-8.20E-05	-7.29E-05
11996.49829	1.23E-05	-3.16E-05	-8.63E-05	-6.96E-05
11996.51112	1.11E-05	-3.25E-05	-9.04E-05	-6.61E-05
11996.52395	9.93E-06	-3.33E-05	-9.43E-05	-6.24E-05
11996.53677	8.70E-06	-3.41E-05	-9.81E-05	-5.84E-05
11996.5496	7.42E-06	-3.48E-05	-0.000101675	-5.43E-05
11996.56257	6.08E-06	-3.55E-05	-0.0001051	-4.98E-05
11996.57555	4.69E-06	-3.61E-05	-0.000108312	-4.52E-05
11996.58852	3.27E-06	-3.67E-05	-0.000111302	-4.04E-05
11996.6015	1.80E-06	-3.71E-05	-0.00011406	-3.55E-05
11996.61476	2.74E-07	-3.76E-05	-0.000116628	-3.02E-05
11996.62802	-1.29E-06	-3.79E-05	-0.000118934	-2.48E-05
11996.64128	-2.88E-06	-3.82E-05	-0.00012097	-1.93E-05
11996.65454	-4.49E-06	-3.85E-05	-0.000122726	-1.36E-05
11996.6682	-6.18E-06	-3.86E-05	-0.000124237	-7.64E-06
11996.68186	-7.89E-06	-3.87E-05	-0.000125438	-1.58E-06
11996.69552	-9.61E-06	-3.86E-05	-0.000126322	4.56E-06
11996.70918	-1.13E-05	-3.85E-05	-0.000126885	1.08E-05
11996.72238	-1.30E-05	-3.84E-05	-0.00012712	1.68E-05
11996.73558	-1.47E-05	-3.81E-05	-0.000127049	2.29E-05
11996.74878	-1.64E-05	-3.78E-05	-0.000126668	2.90E-05
11996.76198	-1.80E-05	-3.73E-05	-0.000125978	3.51E-05
11996.77489	-1.97E-05	-3.68E-05	-0.000125003	4.10E-05
11996.7878	-2.13E-05	-3.63E-05	-0.000123731	4.70E-05
11996.80071	-2.28E-05	-3.56E-05	-0.000122165	5.28E-05
11996.81363	-2.44E-05	-3.49E-05	-0.000120305	5.86E-05
11996.82641	-2.59E-05	-3.41E-05	-0.000118179	6.43E-05
11996.83919	-2.74E-05	-3.33E-05	-0.000115773	6.99E-05
11996.85197	-2.89E-05	-3.23E-05	-0.00011309	7.54E-05
11996.86476	-3.03E-05	-3.13E-05	-0.000110136	8.07E-05
11996.87753	-3.17E-05	-3.03E-05	-0.000106918	8.59E-05
11996.89031	-3.31E-05	-2.91E-05	-0.000103442	9.10E-05
11996.90309	-3.44E-05	-2.79E-05	-9.97E-05	9.60E-05
11996.91586	-3.56E-05	-2.67E-05	-9.57E-05	0.000100702
11996.92875	-3.68E-05	-2.54E-05	-9.15E-05	0.000105308
11996.94163	-3.80E-05	-2.40E-05	-8.70E-05	0.000109715
11996.95452	-3.91E-05	-2.25E-05	-8.23E-05	0.000113911
11996.9674	-4.01E-05	-2.10E-05	-7.74E-05	0.000117887
11996.98052	-4.11E-05	-1.95E-05	-7.22E-05	0.000121696
11996.99364	-4.20E-05	-1.79E-05	-6.69E-05	0.000125254
11997.00676	-4.28E-05	-1.62E-05	-6.13E-05	0.000128552
11997.01988	-4.36E-05	-1.45E-05	-5.55E-05	0.000131578
11997.0334	-4.43E-05	-1.27E-05	-4.95E-05	0.000134405
11997.04692	-4.49E-05	-1.08E-05	-4.33E-05	0.000136928
11997.06044	-4.55E-05	-8.98E-06	-3.69E-05	0.000139138
11997.07396	-4.59E-05	-7.09E-06	-3.05E-05	0.000141029
11997.08727	-4.63E-05	-5.20E-06	-2.40E-05	0.000142574
11997.10058	-4.66E-05	-3.29E-06	-1.75E-05	0.000143798
11997.1139	-4.67E-05	-1.37E-06	-1.09E-05	0.000144699
11997.12721	-4.68E-05	5.60E-07	-4.23E-06	0.000145274
11997.14018	-4.69E-05	2.45E-06	2.26E-06	0.000145517
11997.15316	-4.68E-05	4.33E-06	8.77E-06	0.000145448
11997.16613	-4.66E-05	6.22E-06	1.53E-05	0.000145064
11997.1791	-4.64E-05	8.10E-06	2.18E-05	0.000144368
11997.1919	-4.61E-05	9.94E-06	2.81E-05	0.000143375
11997.2047	-4.57E-05	1.18E-05	3.44E-05	0.000142082
11997.21749	-4.52E-05	1.36E-05	4.06E-05	0.00014049
11997.23029	-4.46E-05	1.54E-05	4.68E-05	0.000138603
11997.24304	-4.40E-05	1.71E-05	5.28E-05	0.000136435
11997.25579	-4.33E-05	1.88E-05	5.88E-05	0.000133983
11997.26853	-4.25E-05	2.05E-05	6.46E-05	0.000131254
11997.28128	-4.16E-05	2.22E-05	7.02E-05	0.000128255
11997.2941	-4.07E-05	2.38E-05	7.58E-05	0.000124973
11997.30692	-3.97E-05	2.54E-05	8.12E-05	0.000121432
11997.31974	-3.86E-05	2.69E-05	8.64E-05	0.000117642
11997.33255	-3.75E-05	2.84E-05	9.14E-05	0.00011361
11997.34556	-3.63E-05	2.98E-05	9.63E-05	0.000109283
11997.35856	-3.50E-05	3.12E-05	0.000100963	0.00010473
11997.37156	-3.36E-05	3.26E-05	0.000105401	1.00E-04
11997.38457	-3.22E-05	3.38E-05	0.000109599	9.50E-05
11997.39791	-3.07E-05	3.51E-05	0.000113645	8.97E-05
11997.41124	-2.92E-05	3.62E-05	0.000117418	8.42E-05
11997.42458	-2.76E-05	3.73E-05	0.000120909	7.85E-05
11997.43791	-2.60E-05	3.83E-05	0.00012411	7.27E-05
11997.4514	-2.43E-05	3.93E-05	0.000127043	6.67E-05
11997.46488	-2.26E-05	4.01E-05	0.000129666	6.06E-05
11997.47836	-2.08E-05	4.09E-05	0.000131972	5.43E-05
11997.49185	-1.90E-05	4.16E-05	0.000133955	4.79E-05
11997.50493	-1.72E-05	4.22E-05	0.000135568	4.17E-05
11997.51801	-1.55E-05	4.27E-05	0.000136871	3.54E-05
11997.5311	-1.37E-05	4.31E-05	0.000137862	2.91E-05
11997.54418	-1.19E-05	4.34E-05	0.00013854	2.27E-05
11997.55703	-1.01E-05	4.37E-05	0.000138899	1.64E-05
11997.56988	-8.28E-06	4.39E-05	0.000138957	1.02E-05
11997.58273	-6.50E-06	4.40E-05	0.000138713	3.94E-06
11997.59558	-4.72E-06	4.40E-05	0.000138171	-2.26E-06
11997.60834	-2.96E-06	4.39E-05	0.000137339	-8.37E-06
11997.62109	-1.22E-06	4.37E-05	0.000136218	-1.44E-05
11997.63385	5.13E-07	4.35E-05	0.000134812	-2.04E-05
11997.64661	2.22E-06	4.32E-05	0.000133127	-2.62E-05
11997.6594	3.91E-06	4.29E-05	0.000131163	-3.20E-05
11997.67218	5.57E-06	4.24E-05	0.00012893	-3.76E-05
11997.68497	7.21E-06	4.19E-05	0.000126435	-4.32E-05
11997.69775	8.81E-06	4.13E-05	0.000123686	-4.85E-05
11997.71068	1.04E-05	4.06E-05	0.000120655	-5.38E-05
11997.72361	1.19E-05	3.99E-05	0.000117383	-5.89E-05
11997.73654	1.34E-05	3.91E-05	0.000113878	-6.38E-05
11997.74947	1.49E-05	3.83E-05	0.00011015	-6.85E-05
11997.76267	1.63E-05	3.73E-05	0.000106125	-7.31E-05
11997.77588	1.77E-05	3.63E-05	0.000101892	-7.74E-05
11997.78908	1.90E-05	3.53E-05	9.75E-05	-8.15E-05
11997.80229	2.02E-05	3.42E-05	9.29E-05	-8.54E-05
11997.81595	2.15E-05	3.30E-05	8.79E-05	-8.92E-05
11997.82961	2.26E-05	3.18E-05	8.28E-05	-9.26E-05
11997.84327	2.37E-05	3.05E-05	7.75E-05	-9.58E-05
11997.85693	2.48E-05	2.91E-05	7.21E-05	-9.86E-05
11997.87016	2.57E-05	2.78E-05	6.68E-05	-0.000101127
11997.88339	2.65E-05	2.65E-05	6.14E-05	-0.000103323
11997.89662	2.73E-05	2.51E-05	5.59E-05	-0.000105227
11997.90985	2.80E-05	2.37E-05	5.03E-05	-0.000106835
11997.92279	2.86E-05	2.23E-05	4.49E-05	-0.00010812
11997.93573	2.92E-05	2.09E-05	3.94E-05	-0.000109119
11997.94866	2.96E-05	1.95E-05	3.38E-05	-0.000109833
11997.9616	3.00E-05	1.80E-05	2.83E-05	-0.000110262
11997.9744	3.04E-05	1.66E-05	2.29E-05	-0.000110407
11997.9872	3.06E-05	1.52E-05	1.75E-05	-0.000110276
11998	3.08E-05	1.38E-05	1.21E-05	-0.000109873
11998.01279	3.09E-05	1.24E-05	6.79E-06	-0.000109201
11998.02558	3.10E-05	1.10E-05	1.56E-06	-0.000108264
11998.03837	3.10E-05	9.64E-06	-3.58E-06	-0.000107068
11998.05116	3.09E-05	8.28E-06	-8.62E-06	-0.000105619
11998.06395	3.08E-05	6.94E-06	-1.36E-05	-0.000103922
11998.07684	3.06E-05	5.61E-06	-1.84E-05	-0.000101968
11998.08973	3.03E-05	4.31E-06	-2.31E-05	-9.98E-05
11998.10263	3.00E-05	3.04E-06	-2.77E-05	-9.74E-05
11998.11552	2.96E-05	1.80E-06	-3.21E-05	-9.47E-05
11998.12865	2.91E-05	5.78E-07	-3.64E-05	-9.18E-05
11998.14177	2.86E-05	-6.07E-07	-4.05E-05	-8.87E-05
11998.1549	2.81E-05	-1.75E-06	-4.44E-05	-8.54E-05
11998.16802	2.75E-05	-2.85E-06	-4.81E-05	-8.19E-05
11998.18154	2.68E-05	-3.93E-06	-5.16E-05	-7.82E-05
11998.19506	2.61E-05	-4.96E-06	-5.50E-05	-7.42E-05
11998.20858	2.53E-05	-5.94E-06	-5.80E-05	-7.01E-05
11998.2221	2.45E-05	-6.86E-06	-6.09E-05	-6.59E-05
11998.23549	2.37E-05	-7.71E-06	-6.34E-05	-6.16E-05
11998.24888	2.28E-05	-8.51E-06	-6.57E-05	-5.72E-05
11998.26227	2.19E-05	-9.24E-06	-6.77E-05	-5.27E-05
11998.27565	2.10E-05	-9.92E-06	-6.94E-05	-4.81E-05
11998.28869	2.01E-05	-1.05E-05	-7.09E-05	-4.36E-05
11998.30173	1.91E-05	-1.11E-05	-7.20E-05	-3.90E-05
11998.31477	1.82E-05	-1.15E-05	-7.29E-05	-3.44E-05
11998.32781	1.72E-05	-1.20E-05	-7.35E-05	-2.99E-05
11998.34067	1.63E-05	-1.23E-05	-7.39E-05	-2.53E-05
11998.35353	1.53E-05	-1.26E-05	-7.40E-05	-2.08E-05
11998.36638	1.44E-05	-1.28E-05	-7.39E-05	-1.63E-05
11998.37924	1.34E-05	-1.30E-05	-7.35E-05	-1.19E-05
11998.39205	1.25E-05	-1.31E-05	-7.29E-05	-7.53E-06
11998.40486	1.16E-05	-1.32E-05	-7.20E-05	-3.24E-06
11998.41766	1.07E-05	-1.32E-05	-7.09E-05	9.73E-07
11998.43047	9.76E-06	-1.32E-05	-6.95E-05	5.09E-06
11998.44335	8.88E-06	-1.31E-05	-6.79E-05	9.12E-06
11998.45623	8.01E-06	-1.30E-05	-6.61E-05	1.30E-05
11998.46911	7.17E-06	-1.28E-05	-6.41E-05	1.68E-05
11998.48199	6.36E-06	-1.25E-05	-6.19E-05	2.04E-05
11998.49506	5.57E-06	-1.22E-05	-5.95E-05	2.40E-05
11998.50813	4.81E-06	-1.19E-05	-5.68E-05	2.73E-05
11998.52121	4.08E-06	-1.15E-05	-5.40E-05	3.05E-05
11998.53428	3.40E-06	-1.11E-05	-5.10E-05	3.35E-05
11998.5477	2.73E-06	-1.06E-05	-4.78E-05	3.63E-05
11998.56112	2.11E-06	-1.01E-05	-4.44E-05	3.90E-05
11998.57453	1.54E-06	-9.59E-06	-4.09E-05	4.14E-05
11998.58795	1.02E-06	-9.02E-06	-3.72E-05	4.35E-05
11998.60149	5.41E-07	-8.42E-06	-3.34E-05	4.55E-05
11998.61503	1.15E-07	-7.79E-06	-2.95E-05	4.72E-05
11998.62856	-2.57E-07	-7.14E-06	-2.55E-05	4.86E-05
11998.6421	-5.75E-07	-6.47E-06	-2.14E-05	4.98E-05
11998.65524	-8.31E-07	-5.81E-06	-1.74E-05	5.07E-05
11998.66838	-1.03E-06	-5.14E-06	-1.34E-05	5.13E-05
11998.68152	-1.18E-06	-4.46E-06	-9.36E-06	5.17E-05
11998.69465	-1.28E-06	-3.78E-06	-5.30E-06	5.19E-05
11998.70756	-1.32E-06	-3.11E-06	-1.31E-06	5.18E-05
11998.72047	-1.31E-06	-2.45E-06	2.65E-06	5.14E-05
11998.73338	-1.25E-06	-1.79E-06	6.58E-06	5.08E-05
11998.74629	-1.14E-06	-1.14E-06	1.05E-05	5.00E-05
11998.75912	-9.85E-07	-5.03E-07	1.43E-05	4.89E-05
11998.77194	-7.78E-07	1.16E-07	1.80E-05	4.76E-05
11998.78477	-5.24E-07	7.17E-07	2.16E-05	4.61E-05
11998.79759	-2.24E-07	1.30E-06	2.51E-05	4.43E-05
11998.81046	1.21E-07	1.86E-06	2.86E-05	4.24E-05
11998.82332	5.11E-07	2.39E-06	3.19E-05	4.02E-05
11998.83619	9.41E-07	2.89E-06	3.51E-05	3.78E-05
11998.84905	1.41E-06	3.36E-06	3.81E-05	3.53E-05
11998.86208	1.93E-06	3.80E-06	4.10E-05	3.25E-05
11998.87511	2.48E-06	4.21E-06	4.37E-05	2.95E-05
11998.88813	3.07E-06	4.57E-06	4.63E-05	2.64E-05
11998.90116	3.68E-06	4.89E-06	4.87E-05	2.31E-05
11998.91448	4.35E-06	5.18E-06	5.09E-05	1.96E-05
11998.92781	5.04E-06	5.41E-06	5.28E-05	1.59E-05
11998.94114	5.76E-06	5.60E-06	5.46E-05	1.21E-05
11998.95447	6.49E-06	5.74E-06	5.61E-05	8.22E-06
11998.96813	7.27E-06	5.82E-06	5.74E-05	4.10E-06
11998.9818	8.06E-06	5.85E-06	5.85E-05	-1.14E-07
11998.99547	8.87E-06	5.82E-06	5.93E-05	-4.40E-06
11999.00914	9.68E-06	5.73E-06	5.98E-05	-8.76E-06
11999.02236	1.05E-05	5.58E-06	6.00E-05	-1.30E-05
11999.03557	1.13E-05	5.38E-06	6.00E-05	-1.73E-05
11999.04879	1.21E-05	5.13E-06	5.97E-05	-2.16E-05
11999.06201	1.28E-05	4.81E-06	5.92E-05	-2.59E-05
11999.07496	1.36E-05	4.45E-06	5.84E-05	-3.01E-05
11999.08791	1.44E-05	4.04E-06	5.74E-05	-3.42E-05
11999.10085	1.51E-05	3.57E-06	5.61E-05	-3.83E-05
11999.1138	1.58E-05	3.04E-06	5.46E-05	-4.24E-05
11999.12663	1.65E-05	2.47E-06	5.28E-05	-4.63E-05
11999.13946	1.72E-05	1.85E-06	5.08E-05	-5.02E-05
11999.15228	1.78E-05	1.19E-06	4.86E-05	-5.40E-05
11999.16511	1.84E-05	4.70E-07	4.61E-05	-5.76E-05
11999.17795	1.90E-05	-2.93E-07	4.34E-05	-6.12E-05
11999.19079	1.95E-05	-1.10E-06	4.06E-05	-6.46E-05
11999.20363	2.00E-05	-1.95E-06	3.75E-05	-6.78E-05
11999.21646	2.05E-05	-2.84E-06	3.42E-05	-7.09E-05
11999.22943	2.09E-05	-3.78E-06	3.06E-05	-7.39E-05
11999.24239	2.13E-05	-4.76E-06	2.69E-05	-7.66E-05
11999.25536	2.16E-05	-5.77E-06	2.31E-05	-7.92E-05
11999.26833	2.19E-05	-6.81E-06	1.90E-05	-8.16E-05
11999.28155	2.21E-05	-7.90E-06	1.47E-05	-8.38E-05
11999.29478	2.23E-05	-9.02E-06	1.03E-05	-8.57E-05
11999.30801	2.24E-05	-1.02E-05	5.72E-06	-8.75E-05
