11996.40362	0.773667691	-0.001467354	0.01000997	-2.473107644
11996.40647	0.77366042	-0.008498193	-0.015125458	-2.473192812
11996.40931	0.773581692	-0.01552888	-0.040261067	-2.4730004
11996.41215	0.773431511	-0.022558624	-0.06539362	-2.472530419
11996.415	0.773209891	-0.029586639	-0.090519883	-2.47178292
11996.41766	0.772937795	-0.036161536	-0.114025719	-2.470832068
11996.42032	0.772603176	-0.04273358	-0.137520561	-2.469638345
11996.42298	0.772206068	-0.049302126	-0.16100176	-2.468201884
11996.42564	0.771746509	-0.055866527	-0.18446667	-2.46652285
11996.4287	0.771139246	-0.063428606	-0.211495573	-2.464286315
11996.43177	0.770449122	-0.070983331	-0.238495257	-2.461727964
11996.43484	0.769676234	-0.078529716	-0.265461678	-2.458848199
11996.43791	0.768820689	-0.086066775	-0.292390795	-2.455647469
11996.44127	0.767787377	-0.094321907	-0.321880309	-2.451768251
11996.44463	0.766654943	-0.102563339	-0.35131478	-2.447504234
11996.448	0.765423584	-0.11078978	-0.380688906	-2.44285623
11996.45136	0.764093509	-0.11899994	-0.409997399	-2.437825128
11996.45497	0.762559972	-0.127772465	-0.441304319	-2.432013765
11996.45857	0.760913801	-0.136523266	-0.472523463	-2.425765462
11996.46217	0.759155323	-0.14525077	-0.503648391	-2.419081599
11996.46577	0.757284888	-0.153953412	-0.534672686	-2.411963651
11996.46958	0.755188179	-0.163116419	-0.567324206	-2.403976051
11996.47338	0.752967463	-0.172248117	-0.599848829	-2.395507933
11996.47719	0.750623236	-0.181346681	-0.632239086	-2.38656139
11996.481	0.748156025	-0.190410294	-0.664487542	-2.377138634
11996.48498	0.745441713	-0.199860322	-0.698091121	-2.366765412
11996.48896	0.742593864	-0.209267993	-0.731522712	-2.355875552
11996.49295	0.73961318	-0.218631254	-0.764773919	-2.344472014
11996.49693	0.736500397	-0.227948066	-0.797836404	-2.332557895
11996.50108	0.733121026	-0.237593822	-0.83203967	-2.319618459
11996.50522	0.729600283	-0.24718479	-0.866020227	-2.306133214
11996.50937	0.725939111	-0.256718714	-0.899768868	-2.292106136
11996.51352	0.722138491	-0.266193355	-0.933276455	-2.277541359
11996.51782	0.718052597	-0.275949962	-0.967746798	-2.261880288
11996.52212	0.713819128	-0.285638027	-1.001938371	-2.245651001
11996.52641	0.709439302	-0.295255117	-1.035841263	-2.228858643
11996.53071	0.704914382	-0.304798824	-1.069445661	-2.211508536
11996.53516	0.700085782	-0.314584616	-1.103858915	-2.192993063
11996.5396	0.695105019	-0.324286835	-1.137932216	-2.173893749
11996.54404	0.689973629	-0.333902903	-1.171655074	-2.154217064
11996.54849	0.684693191	-0.343430267	-1.205017124	-2.133969672
11996.55307	0.679090377	-0.353164865	-1.239050737	-2.11248766
11996.55766	0.673332456	-0.362799612	-1.272678247	-2.090413124
11996.56224	0.667421315	-0.372331811	-1.305888714	-2.067754022
11996.56682	0.661358891	-0.3817588	-1.338671361	-2.044518519
11996.57155	0.654954409	-0.391361907	-1.372000061	-2.019976396
11996.57628	0.648393563	-0.40084764	-1.404851595	-1.994840277
11996.581	0.641678636	-0.410213213	-1.43721472	-1.96911978
11996.58573	0.634811961	-0.419455889	-1.469078394	-1.942824738
11996.59059	0.627581631	-0.428846472	-1.501371078	-1.915144953
11996.59546	0.620195442	-0.438100873	-1.533110539	-1.886877281
11996.60033	0.612656115	-0.447216258	-1.56428539	-1.858033184
11996.6052	0.604966424	-0.45618985	-1.594884488	-1.828624352
11996.61021	0.596888264	-0.465285489	-1.625801532	-1.797741789
11996.61523	0.588656602	-0.474224768	-1.656084013	-1.766285507
11996.62025	0.580274652	-0.483004842	-1.685720574	-1.734269029
11996.62526	0.57174568	-0.491622938	-1.714700159	-1.701706105
11996.63044	0.562798225	-0.500339254	-1.743890629	-1.667562392
11996.63561	0.553701604	-0.508877484	-1.772359278	-1.632867817
11996.64078	0.544459583	-0.517234817	-1.800094988	-1.597638211
11996.64596	0.53507598	-0.525408527	-1.827087	-1.561889629
11996.65099	0.525815742	-0.533180948	-1.852620485	-1.526632061
11996.65602	0.51642881	-0.540774754	-1.877431134	-1.490914003
11996.66106	0.506918846	-0.548187664	-1.901510033	-1.454750833
11996.66609	0.497289552	-0.555417479	-1.924848606	-1.418158107
11996.67098	0.487831782	-0.562258341	-1.946787507	-1.382241478
11996.67586	0.478268567	-0.568922809	-1.968013828	-1.345949453
11996.68075	0.468603406	-0.575409084	-1.988520645	-1.309296714
11996.68563	0.458839829	-0.58171544	-2.008301347	-1.272298066
11996.69038	0.449267437	-0.587665884	-2.02680979	-1.236051138
11996.69512	0.439608883	-0.593443644	-2.044622025	-1.199505875
11996.69987	0.429867482	-0.599047337	-2.061732844	-1.162676169
11996.70461	0.420046575	-0.604475648	-2.078137325	-1.125576005
11996.70922	0.41043821	-0.609577197	-2.093384796	-1.089308663
11996.71382	0.400761159	-0.614511148	-2.107958032	-1.052812587
11996.71843	0.391018536	-0.619276477	-2.121853304	-1.016100807
11996.72304	0.381213473	-0.62387222	-2.135067142	-0.979186415
11996.7275	0.371645318	-0.628167453	-2.147231141	-0.943196197
11996.73197	0.362024252	-0.632301484	-2.158748181	-0.907039752
11996.73644	0.352353171	-0.636273598	-2.169615793	-0.870729176
11996.74091	0.342634982	-0.640083133	-2.179831742	-0.834276605
11996.74524	0.333181768	-0.64361675	-2.189101849	-0.79885218
11996.74957	0.323689768	-0.646996829	-2.197757338	-0.763317085
11996.75389	0.314161646	-0.650222915	-2.205796801	-0.727682424
11996.75822	0.304600069	-0.653294601	-2.213219038	-0.691959315
11996.7624	0.295336477	-0.656114262	-2.219800419	-0.657385273
11996.76658	0.286046586	-0.658789295	-2.225804452	-0.622749158
11996.77076	0.27673281	-0.661319462	-2.231230602	-0.588061017
11996.77494	0.267397565	-0.663704567	-2.236078512	-0.553330896
11996.77896	0.258400501	-0.665861658	-2.240195715	-0.519895654
11996.78298	0.249387964	-0.667884302	-2.243777794	-0.486439808
11996.787	0.240362102	-0.669772433	-2.246824898	-0.452972291
11996.79102	0.231325066	-0.671526022	-2.249337333	-0.419502025
11996.79486	0.222677609	-0.673076596	-2.251239659	-0.387511632
11996.7987	0.214023779	-0.674504262	-2.252654322	-0.355534647
11996.80254	0.205365449	-0.675809086	-2.253581978	-0.323578829
11996.80639	0.196704489	-0.676991165	-2.254023408	-0.291651923
11996.81003	0.188503563	-0.677997347	-2.253994062	-0.261457192
11996.81366	0.180303535	-0.67889374	-2.253530539	-0.231301847
11996.8173	0.172105982	-0.6796805	-2.252633813	-0.201192413
11996.82094	0.163912478	-0.680357806	-2.251304962	-0.171135393
11996.82433	0.156286091	-0.680890377	-2.249679631	-0.143193206
11996.82772	0.148665843	-0.681328353	-2.247681479	-0.115307335
11996.83111	0.141052998	-0.681671934	-2.24531161	-0.087482986
11996.8345	0.133448811	-0.681921338	-2.242571202	-0.059725343
11996.83755	0.126605487	-0.682065598	-2.239785626	-0.034775634
11996.8406	0.119771125	-0.68213377	-2.236701193	-0.009888042
11996.84366	0.112946636	-0.68212605	-2.233318921	0.014933686
11996.84671	0.106132928	-0.682042644	-2.229639873	0.039685814
11996.84919	0.100604327	-0.681919269	-2.226432275	0.059746821
11996.85167	0.095083928	-0.681746178	-2.223030041	0.079757421
11996.85415	0.089572211	-0.681523499	-2.21943381	0.099715634
11996.85663	0.084069659	-0.681251363	-2.215644246	0.119619488
11996.8595	0.077736449	-0.680876334	-2.211035231	0.14250136
11996.86236	0.071416792	-0.680435943	-2.206171122	0.165305336
11996.86522	0.065111417	-0.679930417	-2.201053036	0.188028434
11996.86808	0.058821049	-0.679359991	-2.195682125	0.210667682
11996.87129	0.051774326	-0.678642188	-2.189349371	0.235993057
11996.87451	0.044748463	-0.677843173	-2.182700881	0.261204756
11996.87772	0.037744474	-0.676963316	-2.175738446	0.286298646
11996.88094	0.030763363	-0.676003004	-2.168463917	0.311270618
11996.8843	0.023491217	-0.674913564	-2.160527923	0.337240256
11996.88765	0.016246299	-0.673737112	-2.152255207	0.363067582
11996.89101	0.009029738	-0.672474134	-2.143648072	0.388748001
11996.89437	0.001842652	-0.67112513	-2.134708889	0.414276957
11996.89734	-0.004477817	-0.669862925	-2.126541925	0.436688309
11996.90031	-0.010773679	-0.668534421	-2.118119704	0.458974967
11996.90327	-0.017044181	-0.667139994	-2.10944398	0.481133869
11996.90624	-0.023288573	-0.665680026	-2.100516546	0.503161976
11996.90906	-0.029208924	-0.664229441	-2.091784479	0.524010663
11996.91189	-0.035104294	-0.662720146	-2.082827505	0.54473547
11996.91471	-0.040974051	-0.661152495	-2.073647264	0.565333835
11996.91754	-0.046817566	-0.659526847	-2.064245427	0.585803219
11996.92081	-0.053546757	-0.657573552	-2.053090179	0.609328358
11996.92407	-0.060239007	-0.655543654	-2.041643095	0.632673505
11996.92734	-0.066893367	-0.653437748	-2.029906912	0.655834835
11996.93061	-0.073508896	-0.65125644	-2.017884419	0.678808562
11996.93421	-0.080748703	-0.648767603	-2.004315844	0.703888561
11996.93781	-0.087939052	-0.646188906	-1.99040731	0.72873153
11996.94141	-0.095078726	-0.643521211	-1.976162756	0.75333259
11996.94501	-0.102166522	-0.640765399	-1.961586192	0.777686926
11996.94889	-0.109739981	-0.637700156	-1.945522111	0.803632711
11996.95277	-0.117250436	-0.634534903	-1.92908292	0.829281014
11996.95664	-0.124696441	-0.631270806	-1.912273901	0.85462608
11996.96052	-0.132076576	-0.62790905	-1.895100427	0.879662248
11996.96464	-0.139852032	-0.624227763	-1.876441356	0.90594483
11996.96876	-0.147549729	-0.620438854	-1.857382881	0.931865108
11996.97289	-0.155168032	-0.616543829	-1.837931795	0.957416625
11996.97701	-0.162705338	-0.612544223	-1.818094999	0.98259305
11996.98136	-0.170573558	-0.608209678	-1.796740526	1.00876031
11996.98572	-0.178347913	-0.603762161	-1.774972284	1.03449539
11996.99007	-0.186026621	-0.599203566	-1.752798768	1.059791305
11996.99442	-0.193607936	-0.594535822	-1.730228597	1.084641239
11996.999	-0.201471777	-0.589512755	-1.706080931	1.110279391
11997.00358	-0.209224135	-0.584373507	-1.68151477	1.135409691
11997.00815	-0.216863121	-0.579120419	-1.656540545	1.160024822
11997.01273	-0.224386891	-0.573755864	-1.631168819	1.184117679
11997.01753	-0.232156049	-0.568009393	-1.6041295	1.208830218
11997.02234	-0.239794349	-0.562145651	-1.576676765	1.232952384
11997.02714	-0.247299835	-0.556167493	-1.548823263	1.256476737
11997.03194	-0.254670614	-0.550077805	-1.52058178	1.279396109
11997.03692	-0.262161473	-0.54365547	-1.490933217	1.30249136
11997.04189	-0.269503868	-0.537119892	-1.460896747	1.324922752
11997.04687	-0.276695906	-0.530474391	-1.430487018	1.346683246
11997.05184	-0.283735767	-0.523722321	-1.399718807	1.367766128
11997.0567	-0.29046765	-0.517023257	-1.369314495	1.387711167
11997.06157	-0.297050932	-0.510228819	-1.338596005	1.40699713
11997.06643	-0.30348412	-0.503342222	-1.307577472	1.42561865
11997.07129	-0.309765791	-0.49636671	-1.276273118	1.443570664
11997.07604	-0.315750686	-0.489474367	-1.245450884	1.460445562
11997.08078	-0.321588692	-0.48250346	-1.2143833	1.476673716
11997.08553	-0.327278678	-0.475457067	-1.183083835	1.492251253
11997.09028	-0.332819575	-0.468338286	-1.151566018	1.507174583
11997.09491	-0.338083975	-0.461321885	-1.120599828	1.521108917
11997.09954	-0.343204458	-0.454242373	-1.08945119	1.5344138
11997.10418	-0.348180207	-0.447102673	-1.058132839	1.547086666
11997.10881	-0.353010466	-0.43990572	-1.026657545	1.559125208
11997.11333	-0.357583028	-0.432830377	-0.995804129	1.570259244
11997.11785	-0.36201579	-0.425706062	-0.964825384	1.580785633
11997.12238	-0.366308214	-0.418535527	-0.933733255	1.590702942
11997.1269	-0.370459814	-0.411321528	-0.902539698	1.600009973
11997.13131	-0.374371442	-0.404249005	-0.872041205	1.608495431
11997.13571	-0.37814845	-0.397140357	-0.841468776	1.6163992
11997.14012	-0.381790538	-0.389998148	-0.810833514	1.623720814
11997.14453	-0.385297454	-0.382824946	-0.780146511	1.630460018
11997.14882	-0.388581549	-0.375814168	-0.75023213	1.636461401
11997.15312	-0.391737192	-0.368778817	-0.720289447	1.641910888
11997.15741	-0.394764282	-0.361721262	-0.690328673	1.646808821
11997.1617	-0.397662765	-0.354643868	-0.660359999	1.65115573
11997.16587	-0.400355405	-0.347751586	-0.631248202	1.654851662
11997.17004	-0.402926686	-0.340844974	-0.602147858	1.658029063
11997.17421	-0.405376674	-0.333926194	-0.573068254	1.660688929
11997.17838	-0.407705477	-0.326997401	-0.544018642	1.662832424
11997.18241	-0.409845593	-0.320279166	-0.515920623	1.664417458
11997.18645	-0.411872333	-0.313555503	-0.487867747	1.665520715
11997.19049	-0.413785894	-0.306828356	-0.459868333	1.666143694
11997.19453	-0.415586509	-0.30009966	-0.431930668	1.666288039
11997.19842	-0.417216149	-0.293611402	-0.405056103	1.665975584
11997.20232	-0.418741276	-0.287125221	-0.378253994	1.665221434
11997.20621	-0.420162185	-0.280642834	-0.351531672	1.66402744
11997.21011	-0.421479201	-0.274165949	-0.324896425	1.662395575
11997.21384	-0.422643985	-0.267966745	-0.299463789	1.660423133
11997.21757	-0.423714046	-0.261775643	-0.274124095	1.658052556
11997.2213	-0.424689742	-0.255594126	-0.248883649	1.655285893
11997.22503	-0.425571455	-0.249423668	-0.223748715	1.652125291
11997.22857	-0.42632145	-0.243581147	-0.200005737	1.648764626
11997.23211	-0.426987583	-0.237751143	-0.176368616	1.645053408
11997.23565	-0.427570237	-0.231934894	-0.152842601	1.640993716
11997.23919	-0.428069816	-0.226133629	-0.129432902	1.636587712
11997.24249	-0.428461341	-0.220736256	-0.107703581	1.632167118
11997.2458	-0.428781288	-0.215353973	-0.086084163	1.627448958
11997.2491	-0.429030027	-0.20998776	-0.064578787	1.622435168
11997.2524	-0.429207942	-0.204638589	-0.043191563	1.617127742
11997.25538	-0.429307961	-0.199831431	-0.024014476	1.612092811
11997.25835	-0.429351037	-0.195039614	-0.004939704	1.606822424
11997.26133	-0.429337479	-0.190263838	0.014029811	1.601318162
11997.26431	-0.429267604	-0.185504794	0.032891148	1.595581643
11997.26671	-0.429170223	-0.181671847	0.048051432	1.590777591
11997.26912	-0.429036457	-0.177850637	0.063137667	1.58582385
11997.27153	-0.428866486	-0.174041525	0.078148344	1.580721327
11997.27393	-0.428660495	-0.170244866	0.093081967	1.575470943
11997.27676	-0.428372964	-0.165804201	0.110512754	1.569119917
11997.27958	-0.428036359	-0.161381757	0.127832913	1.562567952
11997.28241	-0.427650996	-0.1569781	0.145040075	1.55581662
11997.28523	-0.427217198	-0.15259379	0.162131895	1.548867518
11997.2884	-0.426672561	-0.147692678	0.181190622	1.540827793
11997.29157	-0.426067699	-0.142817461	0.200097612	1.532542923
11997.29475	-0.425403101	-0.137968914	0.218849638	1.524015297
11997.29792	-0.424679261	-0.133147803	0.237443505	1.515247348
11997.30137	-0.423826022	-0.127940311	0.257467925	1.505448894
11997.30482	-0.422904077	-0.122767082	0.277297811	1.495372754
11997.30826	-0.421914103	-0.117629067	0.29692921	1.48502222
11997.31171	-0.420856791	-0.112527208	0.316358223	1.474400639
11997.31539	-0.419653635	-0.107117741	0.336886839	1.462757691
11997.31908	-0.418375304	-0.101751717	0.357175452	1.450813498
11997.32276	-0.417022691	-0.096430236	0.377219512	1.438572349
11997.32644	-0.415596705	-0.091154384	0.397014541	1.426038606
11997.33034	-0.414009701	-0.08562523	0.417674838	1.412468858
11997.33424	-0.41234277	-0.080149561	0.438046518	1.398582086
11997.33813	-0.410597048	-0.074728599	0.458124555	1.384383695
11997.34203	-0.408773686	-0.069363548	0.477904021	1.369879169
11997.34596	-0.40685326	-0.06399949	0.497585428	1.354915131
11997.3499	-0.404855964	-0.058694942	0.516952066	1.339649926
11997.35384	-0.402783047	-0.053451078	0.535999154	1.324089455
11997.35778	-0.400635774	-0.04826905	0.554722018	1.308239698
11997.36156	-0.398502321	-0.043346042	0.572413513	1.292733487
11997.36535	-0.396302478	-0.03848222	0.589797099	1.276970897
11997.36913	-0.39403742	-0.033678542	0.606868906	1.260957435
11997.37292	-0.391708334	-0.028935949	0.623625156	1.244698668
11997.3765	-0.389444634	-0.024501638	0.639199847	1.229079776
11997.38009	-0.387125617	-0.020123699	0.654485164	1.213250738
11997.38367	-0.384752326	-0.015802877	0.669478137	1.197216425
11997.38726	-0.382325813	-0.011539899	0.684175876	1.180981747
11997.39056	-0.380044599	-0.007665091	0.697450219	1.165855101
11997.39386	-0.377719971	-0.0038405	0.710469557	1.150566566
11997.39716	-0.375352776	-6.67E-05	0.723231811	1.135120073
11997.40047	-0.372943866	0.003655925	0.735734959	1.119519577
11997.40328	-0.370862253	0.006782231	0.746166728	1.106128973
11997.40608	-0.368751601	0.009870768	0.75640836	1.092632253
11997.40889	-0.366612445	0.012921243	0.766458711	1.079031898
11997.4117	-0.364445324	0.015933367	0.776316668	1.0653304
11997.41477	-0.362045432	0.019181264	0.786869566	1.050242668
11997.41784	-0.359613495	0.022382659	0.797189984	1.0350404
11997.42091	-0.357150227	0.025537204	0.807276597	1.019726898
11997.42399	-0.35465635	0.028644564	0.817128128	1.004305483
11997.42751	-0.351753962	0.032156327	0.828155973	0.986456936
11997.43104	-0.348813221	0.035604884	0.838870024	0.968475401
11997.43457	-0.345835236	0.038989774	0.849268566	0.950365987
11997.4381	-0.342821124	0.042310556	0.859349964	0.932133822
11997.44201	-0.339434147	0.045921421	0.870168185	0.91175642
11997.44593	-0.336005572	0.049452206	0.880591644	0.891241173
11997.44985	-0.332536951	0.052902383	0.890618453	0.870595186
11997.45376	-0.329029838	0.056271456	0.90024685	0.849825592
11997.45806	-0.325135468	0.059877709	0.910360732	0.826880337
11997.46237	-0.321198635	0.063384978	0.919990046	0.803804128
11997.46667	-0.317221427	0.066792718	0.929132977	0.780606511
11997.47097	-0.313205939	0.07010043	0.937787889	0.757297055
11997.47527	-0.309157418	0.073305212	0.94594721	0.733903481
11997.47957	-0.305074879	0.076409241	0.95361655	0.710417409
11997.48386	-0.300960432	0.079412141	0.960794826	0.686848446
11997.48816	-0.296816187	0.082313575	0.967481135	0.663206209
11997.49235	-0.292748762	0.085044578	0.973526097	0.640092997
11997.49654	-0.288656986	0.087678605	0.979102173	0.616928207
11997.50074	-0.284542825	0.090215458	0.984209031	0.59372077
11997.50493	-0.280408245	0.092654979	0.9888465	0.570479613
11997.509	-0.276368669	0.094934482	0.992907163	0.547848242
11997.51308	-0.272313446	0.097121691	0.996523827	0.525201621
11997.51716	-0.268244383	0.099216563	0.999696785	0.502547951
11997.52123	-0.264163289	0.101219083	1.002426479	0.47989542
11997.52519	-0.260193457	0.103073941	1.004652022	0.457923638
11997.52914	-0.256215645	0.104841916	1.006461429	0.43596808
11997.5331	-0.252231497	0.106523086	1.007855499	0.414036182
11997.53706	-0.248242655	0.108117558	1.008835158	0.392135362
11997.54088	-0.24438245	0.109577115	1.009389366	0.370993398
11997.54471	-0.240520862	0.110955879	1.009558106	0.34989408
11997.54853	-0.236659365	0.112254026	1.009342561	0.328844051
11997.55236	-0.232799425	0.113471756	1.008744022	0.307849933
11997.55604	-0.229087716	0.114567898	1.007807713	0.287705566
11997.55972	-0.225380102	0.115590001	1.006519368	0.267624936
11997.5634	-0.221677877	0.116538311	1.00488043	0.24761387
11997.56708	-0.217982328	0.117413094	1.002892435	0.227678166
11997.5706	-0.21445867	0.118180518	1.000668315	0.208705439
11997.57412	-0.210943391	0.118881347	0.998128505	0.189811795
11997.57763	-0.207437598	0.119515868	0.995274582	0.171002214
11997.58115	-0.203942393	0.120084385	0.9921082	0.152281654
11997.58447	-0.200650461	0.120561222	0.988830704	0.13467867
11997.5878	-0.19736988	0.1209797	0.985277295	0.117163699
11997.59112	-0.194101565	0.121340118	0.981449555	0.099740849
11997.59444	-0.190846426	0.12164279	0.977349125	0.082414202
11997.59752	-0.187842245	0.121872021	0.97330703	0.066445995
11997.6006	-0.184850871	0.122052204	0.969033585	0.050567106
11997.60368	-0.181873015	0.12218362	0.964530233	0.034780724
11997.60676	-0.178909381	0.122266559	0.959798458	0.019090014
11997.6095	-0.176287636	0.122299827	0.95540206	0.00522605
11997.61224	-0.173678173	0.122295248	0.950827499	-0.008557648
11997.61498	-0.171081476	0.122253045	0.946075902	-0.022258901
11997.61772	-0.168498028	0.122173445	0.94114842	-0.035875542
11997.62005	-0.166309342	0.12207638	0.93681554	-0.047400151
11997.62238	-0.164130901	0.121952526	0.932356766	-0.058860553
11997.62471	-0.161962999	0.121802036	0.927772856	-0.070255438
11997.62704	-0.159805928	0.121625063	0.923064577	-0.081583505
11997.6298	-0.157263861	0.121381245	0.917324519	-0.094920837
11997.63256	-0.154737889	0.121100718	0.911412195	-0.108160359
11997.63533	-0.152228487	0.120783754	0.905328957	-0.12129995
11997.63809	-0.149736124	0.120430632	0.89907618	-0.134337507
11997.64116	-0.146990217	0.119996687	0.891939018	-0.148686671
11997.64422	-0.144266511	0.119518944	0.884596663	-0.16290473
11997.64729	-0.141565629	0.118997809	0.877051107	-0.176988884
11997.65035	-0.138888194	0.118433698	0.869304377	-0.190936363
11997.65366	-0.136025057	0.117777022	0.860718768	-0.205835409
11997.65697	-0.133190718	0.117071305	0.851903801	-0.220568594
11997.66028	-0.130385932	0.116317103	0.842862169	-0.235132545
11997.66359	-0.127611443	0.115514981	0.833596614	-0.249523933
11997.66711	-0.124696065	0.114610382	0.823504424	-0.264629822
11997.67063	-0.121816631	0.113652987	0.813165748	-0.279533087
11997.67415	-0.118974004	0.112643516	0.802584054	-0.294229885
11997.67767	-0.116169031	0.111582702	0.79176287	-0.308716428
11997.68137	-0.113256533	0.110410789	0.780111276	-0.32374188
11997.68508	-0.11038769	0.109183644	0.76820228	-0.338525696
11997.68878	-0.107563448	0.107902169	0.756040206	-0.353063659
11997.69249	-0.104784736	0.106567283	0.743629447	-0.367351626
11997.69637	-0.101925496	0.105113588	0.730375092	-0.382037337
11997.70025	-0.099118186	0.103603468	0.716858261	-0.396440014
11997.70413	-0.096363814	0.10203803	0.703084223	-0.410555166
11997.70801	-0.093663368	0.100418399	0.689058322	-0.424378399
11997.71205	-0.090905505	0.098672749	0.674167946	-0.438479318
11997.7161	-0.08820842	0.096870708	0.659015743	-0.452253269
11997.72015	-0.085573159	0.095013608	0.643608025	-0.465695594
11997.72419	-0.083000743	0.093102799	0.627951184	-0.478801754
11997.72815	-0.080547699	0.091184225	0.612410745	-0.491284903
11997.7321	-0.07815657	0.089216927	0.596644527	-0.503438537
11997.73606	-0.075828236	0.087202217	0.580658717	-0.515258741
11997.74001	-0.073563554	0.085141421	0.564459565	-0.52674171
11997.74387	-0.071418264	0.083089735	0.548471305	-0.537605864
11997.74772	-0.06933498	0.080996796	0.532292275	-0.54814282
11997.75158	-0.067314425	0.078863873	0.515928435	-0.558349362
11997.75543	-0.065357302	0.076692244	0.499385796	-0.568222381
11997.75919	-0.06351338	0.074541927	0.483113404	-0.57751172
11997.76294	-0.061730834	0.072357346	0.46668291	-0.586479364
11997.76669	-0.060010247	0.070139713	0.450099998	-0.595122728
11997.77045	-0.05835218	0.067890251	0.433370394	-0.603439325
11997.7741	-0.056800777	0.065674154	0.416972014	-0.611208579
11997.77774	-0.055309443	0.06343028	0.400445786	-0.618664658
11997.78139	-0.053878635	0.061159774	0.383797075	-0.625805538
11997.78504	-0.05250879	0.05886379	0.367031274	-0.632629287
11997.78858	-0.051238675	0.056613429	0.350661616	-0.638943604
11997.79212	-0.050026677	0.054341253	0.33419187	-0.644956183
11997.79566	-0.048873141	0.052048332	0.317627037	-0.650665496
11997.7992	-0.047778395	0.049735743	0.30097214	-0.656070096
11997.80262	-0.04677588	0.047481551	0.284784303	-0.661005746
11997.80605	-0.045828904	0.045210957	0.268521532	-0.665653955
11997.80947	-0.044937715	0.042924945	0.252188427	-0.670013628
11997.81289	-0.044102547	0.040624507	0.235789601	-0.674083738
11997.81619	-0.043351357	0.038396242	0.219938084	-0.677729035
11997.81948	-0.042652511	0.036156406	0.204034048	-0.681104064
11997.82278	-0.042006175	0.03390589	0.188081651	-0.684208096
11997.82608	-0.041412501	0.031645589	0.172085062	-0.687040459
11997.82923	-0.040893549	0.02947305	0.156731056	-0.689497245
11997.83239	-0.040423114	0.02729315	0.141344039	-0.691703934
11997.83555	-0.040001294	0.025106681	0.125927691	-0.693660094
11997.8387	-0.039628177	0.022914433	0.110485695	-0.69536535
11997.8417	-0.039319127	0.020828867	0.095807365	-0.696751606
11997.8447	-0.039054083	0.018739486	0.081112411	-0.697911259
11997.84769	-0.038833088	0.016646971	0.066403996	-0.698844114
11997.85069	-0.038656178	0.014552001	0.051685283	-0.699550019
11997.85349	-0.03853054	0.012589177	0.037899865	-0.700005079
11997.8563	-0.038443574	0.010625356	0.024110796	-0.700261095
11997.8591	-0.038395286	0.008661096	0.010320675	-0.700318043
11997.86191	-0.038385676	0.006696955	-0.0034679	-0.700175933
11997.86436	-0.03840901	0.004977932	-0.015536174	-0.699888129
11997.86682	-0.038461973	0.003259802	-0.027599527	-0.699447834
11997.86927	-0.038544551	0.001542941	-0.039656218	-0.698855116
11997.87173	-0.038656725	-0.000172278	-0.051704504	-0.698110059
11997.8741	-0.038793285	-0.001828563	-0.063342626	-0.697245045
11997.87648	-0.038957462	-0.003482625	-0.074969695	-0.696237864
11997.87885	-0.039149225	-0.005134127	-0.086584139	-0.695088645
11997.88123	-0.039368544	-0.006782733	-0.098184391	-0.693797534
11997.8836	-0.039615446	-0.008428499	-0.109771654	-0.692364331
11997.88597	-0.039889842	-0.010070694	-0.121341583	-0.690789508
11997.88835	-0.040191688	-0.011708981	-0.132892612	-0.68907326
11997.89072	-0.040520939	-0.013343026	-0.14442318	-0.687215798
11997.89324	-0.040899804	-0.015070086	-0.156621349	-0.685092994
11997.89576	-0.041309338	-0.016791603	-0.168792919	-0.682812075
11997.89827	-0.041749472	-0.018507181	-0.180936037	-0.680373354
11997.90079	-0.042220132	-0.020216423	-0.193048857	-0.677777165
11997.90353	-0.042766593	-0.022067767	-0.206186414	-0.67477515
11997.90627	-0.043348963	-0.02391064	-0.21928358	-0.671587767
11997.909	-0.043967129	-0.025744534	-0.232337993	-0.668215528
11997.91174	-0.04462097	-0.027568944	-0.245347296	-0.664658974
11997.91466	-0.045356658	-0.029501613	-0.25915473	-0.660667792
11997.91757	-0.046132533	-0.031422339	-0.272905468	-0.656468783
11997.92049	-0.046948426	-0.033330516	-0.286596686	-0.652062708
11997.92341	-0.047804157	-0.035225542	-0.300225573	-0.647450365
11997.92648	-0.04874733	-0.037204557	-0.314494981	-0.642375669
11997.92954	-0.049734176	-0.039167652	-0.328689033	-0.637074567
11997.93261	-0.050764456	-0.041114134	-0.342804494	-0.631548117
11997.93568	-0.051837926	-0.043043313	-0.356838141	-0.625797423
11997.93888	-0.05300382	-0.045037149	-0.371391022	-0.619558964
11997.94209	-0.054216159	-0.047010622	-0.385847706	-0.613078951
11997.94529	-0.055474627	-0.048962962	-0.400204588	-0.606358794
11997.94849	-0.056778901	-0.050893402	-0.414458081	-0.599399949
11997.95181	-0.058179937	-0.052871993	-0.429130918	-0.591930557
11997.95513	-0.059629512	-0.054825352	-0.443684707	-0.584207683
11997.95845	-0.061127225	-0.056752641	-0.458115518	-0.576233126
11997.96178	-0.062672661	-0.058653027	-0.472419447	-0.568008746
11997.96521	-0.064318549	-0.060586765	-0.487056291	-0.559253752
11997.96864	-0.066014408	-0.062490018	-0.501549401	-0.550236463
11997.97207	-0.067759735	-0.064361887	-0.515894569	-0.54095912
11997.9755	-0.069554018	-0.066201486	-0.530087624	-0.53142403
11997.97903	-0.071451804	-0.068060701	-0.54453602	-0.521340947
11997.98256	-0.073400322	-0.069883829	-0.558814338	-0.510989857
11997.98609	-0.075398963	-0.071669929	-0.572918146	-0.500373486
11997.98963	-0.077447103	-0.073418069	-0.586843053	-0.489494629
11997.99325	-0.079601178	-0.075172758	-0.600951782	-0.478052979
11997.99688	-0.081806067	-0.076885458	-0.614862616	-0.466340733
11998.00051	-0.084061043	-0.078555192	-0.628570947	-0.454361144
11998.00413	-0.086365364	-0.080180998	-0.642072222	-0.44211754
11998.00785	-0.088777459	-0.081800699	-0.655690044	-0.42929874
11998.01157	-0.091239753	-0.083372247	-0.669080856	-0.416209932
11998.01529	-0.093751395	-0.084894645	-0.682239933	-0.402854937
11998.019	-0.096311513	-0.086366912	-0.695162613	-0.389237655
11998.02281	-0.098980693	-0.087820655	-0.708137594	-0.375034907
11998.02661	-0.101698742	-0.089219863	-0.720855331	-0.360565987
11998.03041	-0.104464673	-0.090563532	-0.733311039	-0.345835323
11998.03422	-0.10727748	-0.091850674	-0.745500007	-0.330847424
11998.03811	-0.110200139	-0.093106968	-0.75767916	-0.315265575
11998.042	-0.113169598	-0.094302167	-0.769569883	-0.299424723
11998.04588	-0.116184725	-0.095435273	-0.781167392	-0.283329942
11998.04977	-0.119244372	-0.096505309	-0.792466994	-0.266986386
11998.05362	-0.122313067	-0.097500623	-0.803344989	-0.250582727
11998.05746	-0.125423022	-0.098432401	-0.813922705	-0.233945995
11998.06131	-0.128573072	-0.099299758	-0.824195856	-0.217081412
11998.06516	-0.131762038	-0.100101826	-0.83416025	-0.199994271
11998.06879	-0.134809509	-0.100798846	-0.84328683	-0.183651464
11998.07242	-0.137889627	-0.101436141	-0.85213077	-0.167119384
11998.07606	-0.14100136	-0.102013032	-0.860688755	-0.150402672
11998.07969	-0.144143662	-0.102528858	-0.868957545	-0.133506021
11998.08308	-0.147099992	-0.102954209	-0.876403644	-0.117594536
11998.08646	-0.150081112	-0.103325407	-0.883593096	-0.10153465
11998.08985	-0.153086149	-0.103641955	-0.890523452	-0.08533029
11998.09324	-0.15611422	-0.103903371	-0.897192323	-0.068985421
11998.09633	-0.158898198	-0.104093499	-0.903050649	-0.05394331
11998.09943	-0.161699952	-0.104236932	-0.908687338	-0.038790482
11998.10252	-0.164518795	-0.104333333	-0.914100701	-0.023530033
11998.10561	-0.167354033	-0.104382373	-0.919289093	-0.008165083
11998.1083	-0.169830485	-0.104386282	-0.92361362	0.005268711
11998.11099	-0.172318328	-0.104353987	-0.92776604	0.018776962
11998.11367	-0.174817098	-0.10428529	-0.93174535	0.032357582
11998.11636	-0.177326329	-0.104180001	-0.935550572	0.046008469
11998.11882	-0.179633186	-0.104051309	-0.938882045	0.058570481
11998.12128	-0.181948061	-0.103891629	-0.942065984	0.071188027
11998.12375	-0.184270591	-0.103700826	-0.945101696	0.083859467
11998.12621	-0.18660041	-0.10347877	-0.947988501	0.096583153
11998.12905	-0.189297218	-0.103183552	-0.951133515	0.111326968
11998.13189	-0.192002673	-0.10284637	-0.954078422	0.126135578
11998.13473	-0.194716207	-0.102467041	-0.956822271	0.141006415
11998.13757	-0.197437247	-0.102045395	-0.959364143	0.155936897
11998.14068	-0.200428103	-0.101534348	-0.961917523	0.172369747
11998.14379	-0.203426527	-0.100972039	-0.964225987	0.188867723
11998.14691	-0.206431756	-0.100358269	-0.966288457	0.205427376
11998.15002	-0.209443021	-0.099692852	-0.968103903	0.222045239
11998.15335	-0.21266729	-0.09892435	-0.969770052	0.239866971
11998.15667	-0.21589663	-0.098096447	-0.971151751	0.257746955
11998.16	-0.219130093	-0.097208956	-0.972247924	0.275680903
11998.16333	-0.222366727	-0.096261706	-0.973057554	0.293664512
11998.16683	-0.225778225	-0.095199179	-0.973599432	0.312655444
11998.17034	-0.229191061	-0.09407001	-0.973821323	0.33169161
11998.17384	-0.232604112	-0.09287405	-0.97372227	0.350767927
11998.17735	-0.236016253	-0.091611167	-0.973301395	0.369879294
11998.18101	-0.239574469	-0.090221936	-0.972518264	0.389852942
11998.18466	-0.243129177	-0.088759608	-0.971383047	0.409853352
11998.18832	-0.246679089	-0.087224094	-0.96989502	0.429874681
11998.19198	-0.250222912	-0.085615329	-0.968053554	0.44991107
11998.19577	-0.253889172	-0.083870051	-0.965770676	0.470693487
11998.19956	-0.257546054	-0.082045967	-0.963106839	0.491479228
11998.20335	-0.261192113	-0.080143075	-0.960061664	0.512261729
11998.20714	-0.264825902	-0.078161401	-0.956634884	0.533034416
11998.21106	-0.268561488	-0.076033812	-0.952698257	0.55445407
11998.21497	-0.272280875	-0.073822458	-0.948355009	0.575849026
11998.21888	-0.275982472	-0.071527449	-0.943605214	0.597212043
11998.2228	-0.279664688	-0.069148924	-0.93844907	0.618535879
11998.22682	-0.283429827	-0.066615758	-0.93272264	0.640418185
11998.23084	-0.287171059	-0.063994645	-0.926567233	0.662243509
11998.23487	-0.290886657	-0.061285829	-0.919983478	0.684003979
11998.23889	-0.294574901	-0.058489589	-0.912972148	0.705691733
11998.24302	-0.298328205	-0.055530589	-0.905336347	0.727856004
11998.24715	-0.302049062	-0.052480281	-0.897252686	0.749927025
11998.25128	-0.305735626	-0.049339066	-0.888722456	0.771896348
11998.25541	-0.309386056	-0.046107383	-0.879747102	0.793755548
11998.25963	-0.313084208	-0.042705376	-0.870098151	0.816013284
11998.26386	-0.316740598	-0.039209572	-0.859986146	0.838137775
11998.26809	-0.320353273	-0.035620552	-0.849413139	0.860120057
11998.27231	-0.32392029	-0.031938938	-0.838381349	0.881951203
11998.27663	-0.327517873	-0.028079938	-0.82663101	0.904105136
11998.28095	-0.331063654	-0.024125585	-0.81440636	0.926082343
11998.28528	-0.334555591	-0.020076664	-0.801710311	0.947873409
11998.2896	-0.337991653	-0.015933999	-0.788545956	0.969468975
11998.29366	-0.341170472	-0.011953059	-0.77574049	0.989592846
11998.29772	-0.344296419	-0.007890716	-0.762526547	1.009527858
11998.30179	-0.347367837	-0.003747752	-0.748907134	1.029266363
11998.30585	-0.350383087	0.000475018	-0.734885394	1.048800761
11998.30918	-0.352809098	0.003991586	-0.723106669	1.06463884
11998.31251	-0.355195469	0.007560619	-0.711062257	1.080330891
11998.31584	-0.35754132	0.011181622	-0.698754089	1.095872822
11998.31916	-0.359845775	0.01485409	-0.686184155	1.111260571
11998.3223	-0.361979092	0.018362101	-0.674098989	1.125619022
11998.32544	-0.364074143	0.021914921	-0.661784875	1.139833562
11998.32857	-0.366130215	0.025512096	-0.649243626	1.153900855
11998.33171	-0.368146598	0.029153157	-0.636477104	1.167817591
11998.3352	-0.37034124	0.033252756	-0.622019279	1.183111415
11998.33869	-0.372484981	0.037405355	-0.607287968	1.19821054
11998.34217	-0.374576873	0.041610268	-0.59228593	1.213110523
11998.34566	-0.376615975	0.045866792	-0.577015991	1.22780696
11998.3494	-0.378740654	0.050482837	-0.560364874	1.243319082
11998.35313	-0.380802562	0.055156379	-0.543413319	1.258587324
11998.35687	-0.382800585	0.059886498	-0.526165061	1.273606434
11998.3606	-0.384733622	0.064672255	-0.508623925	1.288371217
11998.36452	-0.386688932	0.069747486	-0.489926717	1.303569424
11998.36844	-0.388570409	0.074881666	-0.470916605	1.318476701
11998.37235	-0.390376834	0.080073646	-0.451598297	1.333087284
11998.37627	-0.392107012	0.085322252	-0.431976603	1.347395486
11998.38032	-0.393817265	0.090816467	-0.411340525	1.361889264
11998.38438	-0.395443182	0.096368786	-0.390389868	1.376046554
11998.38844	-0.396983501	0.10197783	-0.369130313	1.389861314
11998.39249	-0.398436979	0.107642198	-0.347567647	1.403327599
11998.3966	-0.399821078	0.113441737	-0.325396436	1.416622475
11998.40072	-0.401113366	0.119295199	-0.30292581	1.429546943
11998.40483	-0.402312623	0.125201049	-0.280162145	1.442095121
11998.40894	-0.40341766	0.131157728	-0.257111928	1.454261237
11998.41281	-0.404370392	0.136807862	-0.23516628	1.465355377
11998.41668	-0.405237716	0.142500263	-0.212978321	1.476101589
11998.42056	-0.406018704	0.148233576	-0.190553712	1.486495344
11998.42443	-0.406712451	0.154006426	-0.167898193	1.496532207
11998.42801	-0.407276755	0.159390829	-0.146699827	1.505511977
11998.4316	-0.407764678	0.164806881	-0.125312806	1.514178075
11998.43519	-0.408175553	0.170253452	-0.103741876	1.522527188
11998.43877	-0.408508728	0.175729398	-0.081991839	1.530556079
11998.44203	-0.408743074	0.180717658	-0.062125138	1.537554763
11998.44528	-0.408912593	0.185728239	-0.042118905	1.54428541
11998.44853	-0.409016837	0.190760267	-0.021976828	1.550745766
11998.45178	-0.409055371	0.195812859	-0.001702628	1.556933628
11998.45457	-0.40903577	0.20016019	0.015780969	1.56201996
11998.45736	-0.408967302	0.204521417	0.033356529	1.566903107
11998.46014	-0.408849714	0.208895972	0.051021649	1.571581772
11998.46293	-0.408682759	0.213283283	0.068773912	1.576054686
11998.4656	-0.408476501	0.217493986	0.085844751	1.580142051
11998.46827	-0.408224593	0.221715342	0.102991042	1.584038725
11998.47094	-0.407926837	0.225946839	0.120210621	1.587743671
11998.4736	-0.407583041	0.230187965	0.137501314	1.591255876
11998.47665	-0.407134161	0.235039544	0.157319593	1.595027635
11998.47969	-0.406624798	0.239902224	0.177224379	1.598545612
11998.48274	-0.406054692	0.244775228	0.197212379	1.601808423
11998.48579	-0.405423594	0.249657778	0.217280278	1.604814723
11998.4891	-0.404665799	0.254990712	0.239245506	1.607798418
11998.49242	-0.403834935	0.26033304	0.261297391	1.610474069
11998.49574	-0.402930722	0.265683738	0.283431561	1.612840113
11998.49906	-0.401952895	0.271041774	0.30564362	1.614895047
11998.5026	-0.400830405	0.276754374	0.329377581	1.616739659
11998.50614	-0.399623867	0.282472866	0.353189489	1.61822819
11998.50967	-0.398333016	0.288195988	0.377073949	1.619359063
11998.51321	-0.396957604	0.293922475	0.401025539	1.620130784
11998.51692	-0.395421626	0.299939562	0.426249596	1.620553084
11998.52063	-0.393791864	0.305957477	0.45153536	1.620576053
11998.52435	-0.392068102	0.311974733	0.476876461	1.620198253
11998.52806	-0.390250146	0.317989839	0.502266501	1.61941835
11998.53193	-0.388257217	0.324248244	0.528745029	1.618177841
11998.53579	-0.386161846	0.330501006	0.555262363	1.616498892
11998.53966	-0.383963895	0.336746428	0.5818112	1.614380352
11998.54352	-0.381663257	0.342982808	0.608384218	1.611821194
11998.54752	-0.379174386	0.349424824	0.635899375	1.608708153
11998.55152	-0.376575418	0.355853439	0.663424394	1.605121464
11998.55553	-0.373866329	0.362266757	0.690951091	1.601060399
11998.55953	-0.371047131	0.368662879	0.718471265	1.596524376
11998.56365	-0.368027343	0.375232913	0.746810249	1.591353597
11998.56777	-0.364890795	0.381780594	0.775124586	1.58567783
11998.57189	-0.361637608	0.388303839	0.803405265	1.579496911
11998.57601	-0.358267939	0.394800567	0.831643266	1.572810835
11998.58025	-0.354686059	0.40144327	0.860591325	1.565418197
11998.58448	-0.350981767	0.408053551	0.889475062	1.557493213
11998.58871	-0.347155354	0.414629157	0.918284693	1.549036409
11998.59295	-0.343207156	0.421167838	0.947010442	1.540048493
11998.59728	-0.339035728	0.427827009	0.976346883	1.530289099
11998.60162	-0.334737281	0.434442643	1.005574494	1.519974172
11998.60596	-0.330312312	0.441012331	1.034682785	1.509105059
11998.6103	-0.325761359	0.447533675	1.06366129	1.497683303
11998.61473	-0.320976643	0.454151591	1.093157109	1.485430517
11998.61917	-0.316061407	0.46071387	1.122495058	1.472603433
11998.62361	-0.311016375	0.467217968	1.151664014	1.459204344
11998.62804	-0.305842323	0.473661352	1.180652899	1.445235757
11998.63258	-0.300424336	0.480178364	1.210069452	1.430380746
11998.63711	-0.294873493	0.486626711	1.239274834	1.414937386
11998.64164	-0.28919078	0.493003735	1.268257375	1.398909039
11998.64617	-0.283377231	0.499306792	1.297005464	1.382299298
11998.6508	-0.277309802	0.505661055	1.326093667	1.364750876
11998.65543	-0.271108424	0.511932754	1.354913391	1.346605088
11998.66005	-0.264774369	0.518119136	1.383452504	1.32786649
11998.66468	-0.258308963	0.52421747	1.41169896	1.308539886
11998.6694	-0.251579778	0.530344777	1.440198883	1.288224449
11998.67412	-0.244716876	0.536374795	1.468369232	1.267308013
11998.67883	-0.23772184	0.542304701	1.496197515	1.245796455
11998.68355	-0.230596313	0.548131701	1.523671356	1.223695908
11998.68837	-0.223196931	0.553965341	1.551311958	1.200557348
11998.69318	-0.215665471	0.559686181	1.578558297	1.176819917
11998.69799	-0.208003861	0.565291357	1.605397635	1.152490937
11998.7028	-0.200214091	0.570778041	1.631817379	1.127577997
11998.70771	-0.192139872	0.576248662	1.658316308	1.101577394
11998.71262	-0.183936725	0.581590218	1.684352843	1.074986212
11998.71753	-0.175606952	0.586799833	1.709914118	1.047813349
11998.72244	-0.167152915	0.591874673	1.734987453	1.020067976
11998.72734	-0.15859159	0.596803752	1.759519379	0.991807703
11998.73224	-0.149911312	0.601593008	1.783540302	0.962995933
11998.73714	-0.141114614	0.606239761	1.807038172	0.933642599
11998.74203	-0.132204088	0.610741384	1.830001143	0.903757894
11998.74663	-0.123747282	0.614828578	1.851038067	0.87526037
11998.75122	-0.115194941	0.618783799	1.871584954	0.846313587
11998.75582	-0.106549336	0.622605003	1.891632541	0.816926556
11998.76041	-0.097812784	0.626290189	1.911171741	0.787108472
11998.76469	-0.089594632	0.629598977	1.928907977	0.758952343
11998.76897	-0.081301541	0.632786484	1.946188253	0.730438033
11998.77325	-0.072935476	0.635851194	1.963005641	0.701573403
11998.77753	-0.064498434	0.638791624	1.979353355	0.672366443
11998.78149	-0.056643409	0.641396164	1.994031469	0.645089396
11998.78544	-0.048731163	0.643892305	2.008298006	0.617533662
11998.7894	-0.040763332	0.646278956	2.022147946	0.58970583
11998.79335	-0.032741574	0.648555056	2.035576378	0.561612575
11998.79693	-0.025427402	0.650521224	2.047376641	0.535932009
11998.80051	-0.018071586	0.652395012	2.058823359	0.510044143
11998.8041	-0.010675398	0.654175687	2.069913116	0.483954126
11998.80768	-0.003240122	0.655862534	2.080642573	0.457667163
11998.81077	0.003203453	0.657241594	2.089605176	0.434839617
11998.81386	0.009674303	0.658549896	2.098295258	0.411872866
11998.81695	0.016171584	0.659787015	2.106710819	0.388770343
11998.82004	0.022694445	0.660952537	2.114849905	0.365535509
11998.82288	0.0287186	0.66196144	2.122093534	0.344041074
11998.82573	0.034763016	0.662909071	2.129099983	0.322440296
11998.82857	0.040827017	0.663795129	2.135867829	0.300735934
11998.83142	0.046909922	0.664619324	2.142395682	0.278930762
11998.83468	0.053914434	0.665488733	2.149590918	0.253781646
11998.83794	0.060941909	0.666275852	2.156466184	0.22850765
11998.84121	0.0679913	0.666980279	2.163019543	0.203113054
11998.84447	0.075061553	0.667601629	2.169249117	0.177602171
11998.84792	0.082559031	0.668167855	2.175481956	0.150505734
11998.85137	0.090077389	0.668640356	2.181348673	0.123289296
11998.85482	0.09761536	0.669018727	2.186847267	0.095958056
11998.85828	0.105171669	0.66930258	2.191975812	0.068517239
11998.86141	0.112049217	0.669478167	2.196311403	0.043504623
11998.86455	0.118939872	0.669575222	2.200338902	0.018409923
11998.86768	0.125842666	0.669593496	2.204057028	-0.006762884
11998.87081	0.132756628	0.669532749	2.207464558	-0.032009797
11998.87339	0.138446012	0.669423519	2.210031454	-0.052809686
11998.87597	0.144141736	0.669260653	2.212387183	-0.073654671
11998.87854	0.149843256	0.669044039	2.214531146	-0.094542506
11998.88112	0.155550024	0.668773569	2.21646277	-0.115470937
11998.88396	0.161860995	0.668411971	2.218349471	-0.138639683
11998.88681	0.168176965	0.667984369	2.219975559	-0.161852175
11998.88966	0.174497191	0.667490645	2.221340363	-0.185105345
11998.8925	0.180820929	0.666930685	2.22244325	-0.208396117
11998.8957	0.187919611	0.666223416	2.223368176	-0.234570012
11998.89889	0.195020718	0.665432499	2.223961826	-0.260782991
11998.90208	0.202123191	0.664557818	2.224223473	-0.287030669
11998.90528	0.209225968	0.663599268	2.224152451	-0.313308652
11998.90873	0.216910024	0.662467587	2.223700219	-0.341769497
11998.91219	0.224591842	0.661237527	2.222857149	-0.370255068
11998.91564	0.232270071	0.65990901	2.221622633	-0.398759761
11998.9191	0.239943358	0.658481982	2.219996146	-0.427277959
11998.92276	0.248079856	0.65685973	2.217840782	-0.457551914
11998.92643	0.25620764	0.655126463	2.215243018	-0.487828008
11998.9301	0.264325087	0.653282186	2.212202532	-0.518099495
11998.93376	0.272430572	0.651326927	2.208719107	-0.548359626
11998.93761	0.280917976	0.649156813	2.204589167	-0.580080587
11998.94146	0.289388557	0.646864743	2.199971763	-0.611773812
11998.9453	0.297840441	0.644450842	2.194867019	-0.643431493
11998.94915	0.306271754	0.641915259	2.189275186	-0.675045823
11998.95315	0.315023854	0.63914698	2.182937823	-0.707898019
11998.95715	0.323749527	0.636247305	2.176073725	-0.740685989
11998.96116	0.332446667	0.633216509	2.168683621	-0.773400939
11998.96516	0.34111317	0.630054902	2.160768386	-0.806034087
11998.96931	0.350051468	0.626644089	2.152021189	-0.839725102
11998.97345	0.358952347	0.623093847	2.142713496	-0.873309307
11998.9776	0.367813487	0.619404639	2.132846791	-0.906777001
11998.98174	0.376632575	0.615576968	2.122422726	-0.94011851
11998.98602	0.385682249	0.611484556	2.111089184	-0.97436515
11998.99029	0.394682211	0.607246061	2.099166846	-1.008456725
11998.99457	0.403629948	0.602862171	2.086658097	-1.042382715
11998.99884	0.41252296	0.598333613	2.073565517	-1.07613264
11999.00324	0.42161054	0.593525453	2.059492375	-1.110652928
11999.00764	0.430634889	0.588565948	2.044807693	-1.144964589
11999.01203	0.439593324	0.58345604	2.029514909	-1.179056371
11999.01643	0.448483181	0.578196721	2.013617672	-1.212917088
11999.02095	0.457535145	0.572643323	1.996673303	-1.247425532
11999.02546	0.466509197	0.566934744	1.979100406	-1.281666784
11999.02997	0.47540251	0.561072217	1.960903619	-1.315628965
11999.03449	0.48421228	0.555057028	1.942087806	-1.349300285
11999.03912	0.493154166	0.548733357	1.922161112	-1.383504977
11999.04374	0.502002352	0.54225215	1.901594927	-1.417379177
11999.04837	0.510753891	0.535614967	1.880395235	-1.450910485
11999.053	0.519405867	0.528823422	1.858568263	-1.484086624
11999.05774	0.52816167	0.521708702	1.835567804	-1.51768734
11999.06248	0.536806915	0.514435646	1.811923245	-1.550889735
11999.06722	0.545338567	0.507006171	1.787642064	-1.583681016
11999.07196	0.553753627	0.499422258	1.762732001	-1.616048541
11999.07681	0.562245375	0.491499705	1.736585006	-1.648735486
11999.08167	0.570608664	0.483419651	1.709796031	-1.680951905
11999.08652	0.5788404	0.475184412	1.682374208	-1.712684741
11999.09137	0.586937535	0.466796367	1.654328937	-1.74392113
11999.09634	0.595084889	0.458052834	1.62498009	-1.775373731
11999.10131	0.603084838	0.449154375	1.594998554	-1.806279282
11999.10628	0.610934266	0.440103739	1.564395275	-1.836624611
11999.11125	0.618630111	0.430903742	1.53318148	-1.866396784
11999.11634	0.626349999	0.421329104	1.500590846	-1.896282606
11999.12143	0.633902458	0.411603966	1.467384484	-1.925540455
11999.12652	0.641284384	0.401731558	1.433575339	-1.954157212
11999.13161	0.648492746	0.391715173	1.399176637	-1.982120042
11999.13673	0.655569188	0.381492456	1.3639753	-2.00958962
11999.14185	0.662463871	0.371130799	1.328204536	-2.03637162
11999.14697	0.669173912	0.360633758	1.291878669	-2.062453841
11999.15209	0.675696509	0.350004945	1.255012284	-2.087824402
11999.15703	0.681799119	0.339646428	1.219006482	-2.111576959
11999.16196	0.68772293	0.329172411	1.182526507	-2.134648515
11999.16689	0.693465636	0.318586278	1.145586062	-2.157029292
11999.17183	0.699025	0.30789146	1.108199049	-2.178709804
11999.17657	0.704200534	0.297498648	1.07180669	-2.198906671
11999.18132	0.709202349	0.287011516	1.03502647	-2.218438384
11999.18607	0.714028635	0.276433242	0.997871297	-2.237297257
11999.19082	0.718677643	0.265767038	0.96035423	-2.255475863
11999.19539	0.72298341	0.255420545	0.923913691	-2.272324011
11999.19996	0.727121925	0.244998521	0.887162023	-2.288529129
11999.20453	0.731091792	0.23450392	0.850111256	-2.304085291
11999.2091	0.734891674	0.223939719	0.81277353	-2.318986807
11999.21349	0.738383471	0.213720301	0.776617282	-2.332691036
11999.21789	0.741715869	0.203442018	0.7402181	-2.345780473
11999.22228	0.744887823	0.193107583	0.703587052	-2.35825068
11999.22667	0.74789834	0.182719725	0.666735286	-2.370097427
11999.23089	0.750632745	0.172710739	0.631199672	-2.380868451
11999.2351	0.753217036	0.162657593	0.595481385	-2.391059092
11999.23931	0.755650466	0.152562738	0.559590454	-2.400666158
11999.24353	0.757932328	0.14242864	0.523536958	-2.40968664
11999.24755	0.75996881	0.132719161	0.488973906	-2.417748658
11999.25157	0.761865997	0.122978337	0.454280785	-2.425271132
11999.25559	0.763623382	0.113208343	0.419466497	-2.432251904
11999.25962	0.765240495	0.10341136	0.384539981	-2.43868897
11999.26343	0.766643434	0.094102092	0.351338448	-2.444286902
11999.26724	0.767919613	0.084772417	0.318051811	-2.449393214
11999.27106	0.769068725	0.075424212	0.284687759	-2.454006576
11999.27487	0.770090488	0.066059358	0.251254004	-2.458125788
11999.27844	0.770931728	0.057275098	0.219884621	-2.46153463
11999.28201	0.77166086	0.048479442	0.188467242	-2.464508289
11999.28558	0.772277724	0.039673946	0.157008243	-2.467046077
11999.28915	0.772782181	0.030860166	0.125514009	-2.469147399
11999.29242	0.773145519	0.022780991	0.096640491	-2.470688745
11999.29569	0.77341438	0.014697375	0.067747696	-2.471863161
11999.29897	0.773588708	0.006610518	0.038840545	-2.472670407
