11993.48425	0.014214251	-0.011631311	-6.38E-06	-0.041215055
11993.4895	0.014212517	-0.011848128	-0.000654867	-0.041397379
11993.49475	0.01420737	-0.012065875	-0.001307175	-0.041569386
11993.5	0.014198788	-0.012284498	-0.001963139	-0.041731013
11993.50525	0.014186755	-0.012503942	-0.002622592	-0.041882196
11993.51046	0.014171364	-0.012722709	-0.003281025	-0.042021991
11993.51568	0.014152531	-0.012942179	-0.003942574	-0.042151364
11993.52089	0.014130241	-0.013162296	-0.004607073	-0.042270262
11993.52611	0.014104478	-0.013383005	-0.005274355	-0.042378634
11993.53129	0.014075399	-0.013603036	-0.005940572	-0.042475925
11993.53648	0.014042859	-0.013823545	-0.006609211	-0.042562714
11993.54167	0.014006845	-0.014044476	-0.007280108	-0.042638958
11993.54685	0.013967346	-0.014265776	-0.007953097	-0.042704619
11993.55201	0.013924555	-0.014486385	-0.008624954	-0.042759434
11993.55718	0.01387829	-0.014707251	-0.009298554	-0.04280369
11993.56234	0.013828544	-0.014928318	-0.009973729	-0.042837358
11993.5675	0.013775308	-0.015149531	-0.010650313	-0.042860408
11993.57271	0.013718049	-0.015372831	-0.011334259	-0.042872877
11993.57792	0.013657224	-0.015596169	-0.012019299	-0.042874486
11993.58313	0.013592828	-0.015819486	-0.012705259	-0.042865214
11993.58834	0.013524857	-0.016042727	-0.013391969	-0.042845042
11993.59378	0.013450077	-0.016275647	-0.014109508	-0.042812336
11993.59921	0.013371393	-0.016508358	-0.014827477	-0.042767718
11993.60465	0.013288804	-0.016740793	-0.015545681	-0.042711177
11993.61009	0.013202309	-0.016972888	-0.016263921	-0.042642704
11993.61573	0.013108432	-0.017213284	-0.017009003	-0.042559038
11993.62138	0.013010352	-0.017453171	-0.017753691	-0.042462519
11993.62702	0.012908071	-0.017692478	-0.018497765	-0.04235315
11993.63266	0.012801593	-0.017931131	-0.019241004	-0.042230936
11993.63849	0.012687206	-0.018176888	-0.020007631	-0.042091217
11993.64432	0.012568353	-0.018421791	-0.020772889	-0.041937818
11993.65015	0.012445045	-0.01866576	-0.021536534	-0.041770757
11993.65598	0.01231729	-0.018908716	-0.022298325	-0.041590059
11993.66198	0.012181123	-0.019157717	-0.023080465	-0.041389794
11993.66798	0.012040269	-0.019405474	-0.023860119	-0.041175137
11993.67398	0.011894744	-0.0196519	-0.024637023	-0.040946128
11993.67998	0.011744565	-0.019896908	-0.025410917	-0.04070281
11993.68615	0.01158549	-0.020146993	-0.026202384	-0.040438052
11993.69231	0.011421547	-0.020395401	-0.026990118	-0.040158311
11993.69847	0.011252761	-0.020642038	-0.027773835	-0.039863651
11993.70464	0.011079158	-0.020886813	-0.028553256	-0.039554141
11993.71096	0.010896188	-0.021135753	-0.029347648	-0.039221459
11993.71728	0.010708213	-0.021382541	-0.030136932	-0.03887333
11993.7236	0.010515267	-0.021627081	-0.030920812	-0.038509847
11993.72992	0.010317385	-0.021869275	-0.031698991	-0.038131106
11993.73639	0.010109674	-0.022114754	-0.032489643	-0.037727566
11993.74286	0.009896867	-0.02235757	-0.033273698	-0.037308253
11993.74933	0.009679009	-0.022597622	-0.034050843	-0.036873288
11993.75581	0.009456143	-0.022834809	-0.034820771	-0.036422802
11993.76243	0.009222987	-0.023074417	-0.035600736	-0.035945961
11993.76905	0.008984692	-0.023310815	-0.036372502	-0.035453164
11993.77567	0.008741315	-0.023543898	-0.037135745	-0.034944569
11993.78229	0.008492913	-0.02377356	-0.037890149	-0.034420339
11993.78906	0.008233746	-0.024004785	-0.038652182	-0.033868233
11993.79584	0.007969451	-0.024232218	-0.039404307	-0.033300143
11993.80261	0.007700098	-0.024455749	-0.040146193	-0.032716266
11993.80938	0.007425756	-0.024675274	-0.040877516	-0.032116805
11993.8163	0.00714015	-0.024895494	-0.041614061	-0.031487937
11993.82323	0.006849483	-0.025111304	-0.042338886	-0.030843224
11993.83015	0.00655384	-0.025322596	-0.043051657	-0.030182905
11993.83708	0.006253303	-0.025529262	-0.043752045	-0.029507225
11993.84416	0.005940957	-0.025735736	-0.044455224	-0.028800543
11993.85124	0.00562368	-0.025937151	-0.04514477	-0.028078333
11993.85832	0.005301568	-0.026133397	-0.045820348	-0.02734088
11993.8654	0.004974722	-0.026324367	-0.04648163	-0.026588476
11993.87247	0.004644091	-0.026509493	-0.047126674	-0.025823381
11993.87953	0.004308954	-0.026689165	-0.047756859	-0.025044009
11993.8866	0.00396942	-0.026863281	-0.048371878	-0.024250672
11993.89366	0.003625596	-0.027031745	-0.04897143	-0.023443686
11993.90043	0.003292221	-0.027187775	-0.04953114	-0.022657924
11993.9072	0.002955106	-0.027338447	-0.050076126	-0.021860216
11993.91397	0.002614354	-0.027483679	-0.050606143	-0.021050855
11993.92074	0.002270065	-0.027623395	-0.05112095	-0.020230143
11993.92721	0.001937301	-0.027751891	-0.051599252	-0.019434217
11993.93369	0.001601485	-0.027875198	-0.052063203	-0.01862844
11993.94017	0.001262709	-0.027993254	-0.052512608	-0.017813087
11993.94665	0.000921069	-0.028105996	-0.052947278	-0.016988437
11993.95285	0.000591707	-0.028208806	-0.053349074	-0.016191238
11993.95904	0.000259898	-0.028306651	-0.053737065	-0.015386043
11993.96524	-7.43E-05	-0.028399482	-0.054111099	-0.014573104
11993.97144	-0.000410717	-0.028487252	-0.054471028	-0.013752677
11993.97735	-0.000733725	-0.028566226	-0.054801126	-0.012963248
11993.98326	-0.001058646	-0.028640514	-0.055118139	-0.012167467
11993.98917	-0.001385402	-0.028710079	-0.055421951	-0.011365563
11993.99509	-0.001713914	-0.028774886	-0.055712453	-0.010557767
11994.0007	-0.002027299	-0.028831969	-0.055975791	-0.00978575
11994.00631	-0.002342128	-0.028884706	-0.056226951	-0.009008837
11994.01192	-0.002658332	-0.02893307	-0.056465849	-0.008227228
11994.01753	-0.002975841	-0.028977034	-0.056692402	-0.007441127
11994.02281	-0.00327575	-0.029014366	-0.056894246	-0.006697486
11994.02809	-0.003576695	-0.029047762	-0.057085029	-0.005950222
11994.03337	-0.003878618	-0.029077202	-0.057264691	-0.005199507
11994.03866	-0.00418146	-0.029102669	-0.057433176	-0.004445517
11994.04385	-0.004479987	-0.029123814	-0.057587847	-0.003701335
11994.04904	-0.004779288	-0.02914109	-0.057731618	-0.002954324
11994.05423	-0.005079308	-0.02915448	-0.057864443	-0.002204652
11994.05942	-0.005379988	-0.029163973	-0.057986279	-0.001452486
11994.06458	-0.00567982	-0.029169538	-0.058096578	-0.000701634
11994.06975	-0.005980193	-0.029171218	-0.058195915	5.14E-05
11994.07492	-0.006281051	-0.029169004	-0.058284256	0.000806306
11994.08008	-0.006582337	-0.029162885	-0.058361569	0.001563058
11994.08523	-0.006882842	-0.029152898	-0.058427593	0.002318542
11994.09037	-0.007183659	-0.02913902	-0.058482616	0.003075475
11994.09552	-0.00748473	-0.029121243	-0.058526616	0.003833691
11994.10067	-0.007785999	-0.029099561	-0.05855957	0.00459302
11994.1058	-0.00808652	-0.029074051	-0.058581412	0.005351049
11994.11093	-0.008387124	-0.029044649	-0.058592239	0.006109851
11994.11606	-0.008687756	-0.029011352	-0.058592037	0.006869257
11994.12119	-0.008988358	-0.028974158	-0.058580797	0.0076291
11994.12631	-0.009288236	-0.028933156	-0.058558568	0.008387598
11994.13143	-0.009587972	-0.02888827	-0.058525332	0.009146196
11994.13655	-0.00988751	-0.0288395	-0.058481088	0.009904728
11994.14167	-0.010186793	-0.028786847	-0.058425834	0.010663027
11994.14685	-0.010489225	-0.028729635	-0.05835874	0.011429699
11994.15203	-0.01079128	-0.028668454	-0.058280388	0.012195788
11994.15721	-0.011092901	-0.028603307	-0.058190783	0.012961121
11994.16239	-0.011394028	-0.028534198	-0.058089938	0.013725527
11994.16783	-0.011709983	-0.028457285	-0.057971822	0.014527895
11994.17327	-0.012025262	-0.028376006	-0.057841316	0.015328847
11994.17872	-0.012339796	-0.028290372	-0.057698442	0.016128182
11994.18416	-0.012653519	-0.02820039	-0.057543225	0.016925701
11994.18984	-0.012979805	-0.028101915	-0.057368207	0.017755389
11994.19552	-0.013305059	-0.027998735	-0.057179827	0.01858266
11994.2012	-0.013629205	-0.027890865	-0.056978124	0.019407288
11994.20688	-0.013952169	-0.02777832	-0.056763141	0.020229049
11994.21277	-0.014285878	-0.027656645	-0.056526137	0.021078271
11994.21866	-0.01461815	-0.027529977	-0.056274949	0.021923918
11994.22455	-0.014948899	-0.027398338	-0.056009639	0.022765745
11994.23044	-0.015278045	-0.027261752	-0.055730273	0.023603504
11994.23653	-0.015616416	-0.027115429	-0.055426877	0.024464726
11994.24262	-0.015952895	-0.026963878	-0.055108627	0.025321073
11994.24871	-0.016287392	-0.026807129	-0.054775609	0.026172278
11994.2548	-0.016619816	-0.026645214	-0.054427917	0.027018075
11994.26107	-0.016960146	-0.026472977	-0.054054338	0.027883805
11994.26734	-0.017298084	-0.026295328	-0.053665386	0.028743223
11994.27362	-0.017633533	-0.026112307	-0.05326118	0.029596044
11994.27989	-0.017966399	-0.025923957	-0.052841841	0.030441986
11994.28635	-0.018305989	-0.025724706	-0.052394856	0.031304648
11994.2928	-0.018642643	-0.025519914	-0.05193214	0.032159431
11994.29925	-0.018976261	-0.025309631	-0.051453844	0.033006038
11994.30571	-0.019306742	-0.025093912	-0.050960123	0.03384417
11994.31234	-0.019642865	-0.024866708	-0.05043705	0.034696025
11994.31897	-0.019975467	-0.024633888	-0.049898052	0.035538313
11994.3256	-0.020304444	-0.024395516	-0.049343319	0.036370722
11994.33223	-0.020629691	-0.02415166	-0.048773044	0.037192946
11994.33903	-0.02095957	-0.023895709	-0.048171706	0.038026042
11994.34584	-0.021285301	-0.023634128	-0.047554427	0.038847763
11994.35264	-0.021606779	-0.023366994	-0.046921437	0.039657789
11994.35945	-0.021923896	-0.023094388	-0.046272972	0.040455805
11994.36643	-0.022244687	-0.022809031	-0.045591665	0.041261941
11994.37341	-0.022560664	-0.02251809	-0.044894587	0.042054774
11994.3804	-0.022871719	-0.022221659	-0.044182013	0.042833982
11994.38738	-0.023177745	-0.021919835	-0.043454227	0.043599247
11994.39455	-0.023486526	-0.021604519	-0.042691665	0.044369933
11994.40172	-0.023789785	-0.021283734	-0.041913701	0.04512527
11994.40889	-0.024087413	-0.020957589	-0.04112066	0.045864936
11994.41606	-0.024379303	-0.020626199	-0.040312879	0.046588614
11994.42342	-0.024673057	-0.020280445	-0.039468107	0.04731503
11994.43078	-0.024960537	-0.019929405	-0.038608517	0.048023924
11994.43815	-0.025241633	-0.019573211	-0.037734492	0.048714978
11994.44551	-0.025516241	-0.019211995	-0.036846423	0.049387882
11994.45272	-0.025778507	-0.018853896	-0.035964438	0.050028318
11994.45992	-0.026034373	-0.018491248	-0.035069771	0.050650823
11994.46712	-0.02628375	-0.01812418	-0.034162807	0.051255132
11994.47433	-0.026526551	-0.017752826	-0.033243935	0.05184099
11994.48129	-0.026754974	-0.017389824	-0.032344554	0.05238966
11994.48826	-0.026977097	-0.017023062	-0.031434772	0.052920632
11994.49522	-0.027192848	-0.016652663	-0.030514956	0.053433696
11994.50219	-0.027402158	-0.016278754	-0.029585477	0.053928652
11994.50892	-0.0275984	-0.015913915	-0.028677708	0.054389933
11994.51566	-0.027788499	-0.015546026	-0.027761592	0.054833928
11994.5224	-0.0279724	-0.015175205	-0.026837478	0.055260475
11994.52913	-0.028150049	-0.01480157	-0.025905712	0.05566942
11994.53565	-0.02831584	-0.01443771	-0.024997775	0.056047982
11994.54216	-0.028475695	-0.014071439	-0.024083334	0.056409823
11994.54867	-0.028629573	-0.013702866	-0.023162714	0.056754822
11994.55519	-0.028777435	-0.0133321	-0.022236239	0.057082865
11994.56148	-0.02891451	-0.012971996	-0.021336093	0.057383528
11994.56777	-0.029045907	-0.01261005	-0.020431088	0.05766818
11994.57406	-0.029171595	-0.012246364	-0.019521523	0.057936736
11994.58035	-0.029291546	-0.011881039	-0.018607698	0.058189117
11994.58642	-0.029401707	-0.011527471	-0.017723175	0.058416992
11994.59248	-0.029506493	-0.011172567	-0.016835245	0.05862971
11994.59855	-0.029605884	-0.01081642	-0.015944183	0.058827216
11994.60461	-0.029699863	-0.010459121	-0.015050261	0.059009458
11994.61044	-0.029785016	-0.010114951	-0.014189244	0.059170082
11994.61626	-0.029865147	-0.009769886	-0.013326085	0.059316545
11994.62208	-0.029940246	-0.009424009	-0.01246103	0.059448815
11994.62791	-0.030010301	-0.009077404	-0.011594322	0.059566866
11994.63347	-0.030072504	-0.008745698	-0.010765066	0.059666333
11994.63904	-0.03013009	-0.008413475	-0.00993474	0.059752784
11994.6446	-0.030183054	-0.008080807	-0.009103558	0.059826207
11994.65016	-0.030231391	-0.007747767	-0.008271736	0.059886591
11994.65543	-0.030272905	-0.007432046	-0.007483468	0.059931754
11994.6607	-0.030310265	-0.007116118	-0.006695001	0.059965213
11994.66597	-0.030343469	-0.006800045	-0.005906515	0.059986967
11994.67124	-0.030372519	-0.006483888	-0.005118195	0.059997019
11994.67635	-0.030396725	-0.006177243	-0.004353978	0.059995596
11994.68147	-0.030417026	-0.005870634	-0.003590254	0.059983182
11994.68658	-0.030433425	-0.005564117	-0.002827189	0.059959786
11994.69169	-0.030445927	-0.005257747	-0.002064948	0.059925423
11994.6968	-0.030454534	-0.004951613	-0.001303778	0.059880114
11994.70191	-0.030459254	-0.004645738	-0.000543763	0.059823874
11994.70702	-0.030460094	-0.004340179	0.000214932	0.059756724
11994.71213	-0.03045706	-0.004034991	0.000972143	0.059678688
11994.71724	-0.030450155	-0.00373002	0.001728221	0.059589728
11994.72236	-0.030439387	-0.003425533	0.002482485	0.059489922
11994.72747	-0.030424767	-0.003121583	0.003234769	0.059379301
11994.73259	-0.030406306	-0.002818226	0.003984911	0.059257899
11994.73771	-0.030383979	-0.002515077	0.00473384	0.059125552
11994.74283	-0.030357822	-0.002212632	0.005480295	0.058982467
11994.74795	-0.03032785	-0.001910948	0.006224114	0.058828686
11994.75307	-0.030294075	-0.001610078	0.006965136	0.058664254
11994.7582	-0.030256423	-0.001309404	0.007704857	0.05848881
11994.76334	-0.030214983	-0.001009658	0.008441446	0.058302763
11994.76847	-0.03016977	-0.000710893	0.009174742	0.058106163
11994.7736	-0.030120802	-0.000413165	0.009904587	0.057899065
11994.77875	-0.03006793	-0.00011562	0.010633038	0.057680844
11994.7839	-0.030011317	0.000180774	0.011357698	0.057452177
11994.78905	-0.029950983	0.000475965	0.012078409	0.057213126
11994.7942	-0.029886949	0.000769898	0.012795013	0.056963756
11994.79963	-0.029815431	0.001078468	0.013546145	0.056689655
11994.80506	-0.029739849	0.001385519	0.014292354	0.056404233
11994.81049	-0.029660228	0.001690989	0.01503346	0.056107573
11994.81592	-0.029576597	0.001994819	0.015769284	0.055799763
11994.82161	-0.029484719	0.002311276	0.016534252	0.055465451
11994.82729	-0.029388507	0.002625797	0.017293027	0.055119108
11994.83298	-0.029287998	0.002938313	0.018045408	0.054760845
11994.83867	-0.029183227	0.003248759	0.018791197	0.054390777
11994.8446	-0.029069585	0.003569909	0.019560946	0.053992805
11994.85052	-0.028951403	0.003888664	0.020323107	0.053582283
11994.85645	-0.028828728	0.00420495	0.021077464	0.053159351
11994.86237	-0.028701606	0.004518692	0.0218238	0.052724154
11994.86853	-0.028565009	0.004841572	0.022589745	0.052259632
11994.87468	-0.028423729	0.005161554	0.023346587	0.051782225
11994.88083	-0.028277823	0.005478561	0.024094097	0.051292108
11994.88698	-0.028127348	0.005792514	0.024832046	0.050789458
11994.89335	-0.027966797	0.00611428	0.025585802	0.050256007
11994.89971	-0.027801479	0.006432608	0.026328823	0.049709525
11994.90608	-0.027631464	0.006747414	0.027060871	0.049150221
11994.91245	-0.027456823	0.007058617	0.027781707	0.048578313
11994.91904	-0.027271478	0.007376491	0.028514929	0.047974015
11994.92562	-0.027081346	0.007690344	0.029235668	0.047356728
11994.93221	-0.026886511	0.008000089	0.029943676	0.046726707
11994.93879	-0.026687056	0.008305646	0.030638713	0.046084211
11994.94557	-0.026476777	0.00861605	0.031341123	0.045409349
11994.95236	-0.026261781	0.008921833	0.032029254	0.044721813
11994.95914	-0.026042165	0.009222909	0.032702859	0.0440219
11994.96593	-0.025818029	0.009519194	0.033361699	0.043309914
11994.97282	-0.025585795	0.009815213	0.034015677	0.042574534
11994.97972	-0.025349107	0.010106122	0.034653933	0.04182734
11994.98661	-0.025108074	0.01039184	0.035276237	0.041068663
11994.9935	-0.024862807	0.01067229	0.035882363	0.040298842
11995.00062	-0.02460517	0.010956329	0.036491157	0.039492433
11995.00774	-0.024343261	0.011234587	0.037082232	0.038674884
11995.01486	-0.024077208	0.011506985	0.037655362	0.037846581
11995.02198	-0.023807139	0.01177345	0.038210332	0.037007914
11995.02898	-0.023537853	0.012029549	0.038738008	0.036173727
11995.03598	-0.023264937	0.012279778	0.039247747	0.035330287
11995.04298	-0.022988517	0.012524072	0.039739368	0.034477978
11995.04998	-0.022708719	0.012762371	0.040212701	0.033617188
11995.05679	-0.022433354	0.012988429	0.040655548	0.03277186
11995.0636	-0.022155033	0.013208706	0.041080782	0.031919236
11995.07041	-0.021873876	0.013423152	0.041488267	0.031059682
11995.07722	-0.021590005	0.013631722	0.041877876	0.030193566
11995.08384	-0.021311342	0.013828957	0.042239651	0.029344988
11995.09047	-0.021030339	0.014020551	0.042584288	0.028490894
11995.09709	-0.02074711	0.014206469	0.042911691	0.027631631
11995.10372	-0.020461769	0.014386678	0.043221769	0.026767546
11995.11016	-0.020182347	0.014556433	0.043506636	0.025922895
11995.1166	-0.019901142	0.014720733	0.043774968	0.025074336
11995.12305	-0.019618263	0.014879553	0.044026703	0.024222192
11995.12949	-0.019333815	0.015032873	0.044261782	0.02336679
11995.13575	-0.019056037	0.015176553	0.044474191	0.022532846
11995.14201	-0.018776979	0.015315005	0.044670788	0.021696433
11995.14827	-0.01849674	0.015448213	0.044851537	0.020857852
11995.15453	-0.018215419	0.015576165	0.04501641	0.020017402
11995.16061	-0.017941581	0.015695254	0.045161154	0.019200615
11995.16668	-0.017666909	0.015809379	0.045290919	0.018382629
11995.17275	-0.017391494	0.015918533	0.045405694	0.01756372
11995.17883	-0.017115428	0.016022712	0.045505473	0.016744164
11995.1847	-0.016847746	0.016118785	0.045587749	0.015950729
11995.19058	-0.016579621	0.016210195	0.045655985	0.015157196
11995.19646	-0.016311137	0.016296942	0.045710188	0.014363816
11995.20233	-0.016042376	0.016379027	0.04575037	0.013570837
11995.208	-0.015783038	0.016453765	0.045775853	0.012806824
11995.21367	-0.015523593	0.016524177	0.045788335	0.01204364
11995.21933	-0.015264114	0.016590266	0.045787838	0.011281507
11995.225	-0.015004674	0.01665204	0.04577439	0.010520647
11995.23044	-0.014755919	0.016707247	0.045749347	0.009792218
11995.23587	-0.014507333	0.016758498	0.045712446	0.00906536
11995.24131	-0.01425898	0.016805803	0.045663719	0.008340267
11995.24674	-0.014010924	0.016849173	0.045603203	0.007617133
11995.25192	-0.013775191	0.0168868	0.0455347	0.006930947
11995.25709	-0.01353984	0.016920884	0.045455593	0.006246877
11995.26226	-0.013304926	0.016951434	0.045365921	0.005565087
11995.26744	-0.013070502	0.016978464	0.045265727	0.004885744
11995.27257	-0.012838459	0.017001816	0.045155965	0.004214315
11995.2777	-0.012607006	0.017021728	0.045035936	0.003545614
11995.28283	-0.012376194	0.017038215	0.044905687	0.002879801
11995.28797	-0.012146078	0.017051294	0.044765271	0.002217033
11995.29311	-0.011916026	0.017061002	0.044614277	0.001555507
11995.29826	-0.011686777	0.017067314	0.044453164	0.000897361
11995.30341	-0.011458383	0.017070247	0.044281993	0.000242749
11995.30856	-0.011230897	0.017069819	0.044100823	-0.000408171
11995.31372	-0.011003513	0.01706603	0.043908978	-0.001057685
11995.31889	-0.010777147	0.017058896	0.04370719	-0.001703169
11995.32406	-0.010551849	0.017048437	0.043495529	-0.002344467
11995.32922	-0.01032767	0.017034675	0.043274066	-0.002981428
11995.33442	-0.010103623	0.017017546	0.043041776	-0.003616838
11995.33961	-0.009880807	0.016997131	0.042799746	-0.004247562
11995.3448	-0.009659273	0.016973455	0.042548055	-0.00487345
11995.34999	-0.009439071	0.016946542	0.042286785	-0.005494352
11995.35521	-0.009219028	0.016916241	0.042014481	-0.00611355
11995.36043	-0.009000432	0.016882722	0.041732664	-0.006727405
11995.36565	-0.008783332	0.016846013	0.041441428	-0.007335767
11995.37087	-0.008567776	0.016806142	0.041140864	-0.00793849
11995.37613	-0.008352406	0.016762846	0.040828992	-0.008539351
11995.38138	-0.008138699	0.016716408	0.040507866	-0.009134203
11995.38663	-0.007926704	0.016666861	0.040177587	-0.009722901
11995.39189	-0.007716467	0.016614236	0.039838261	-0.010305302
11995.39722	-0.007505179	0.01655778	0.039485134	-0.010889153
11995.40254	-0.007295796	0.016498232	0.039122932	-0.01146624
11995.40787	-0.007088367	0.016435628	0.03875177	-0.012036418
11995.4132	-0.006882939	0.016370005	0.038371766	-0.012599546
11995.41879	-0.00666939	0.016297874	0.037963274	-0.013183235
11995.42439	-0.006458153	0.016222501	0.037545304	-0.013758832
11995.42998	-0.00624928	0.01614393	0.037118002	-0.014326179
11995.43558	-0.006042825	0.016062209	0.036681514	-0.014885122
11995.44142	-0.005829842	0.015973549	0.036216013	-0.015459731
11995.44726	-0.005619608	0.015881558	0.035740832	-0.016024835
11995.45311	-0.005412178	0.015786294	0.035256147	-0.016580268
11995.45895	-0.005207607	0.015687813	0.034762137	-0.017125864
11995.46503	-0.004997751	0.015581942	0.034238178	-0.017683192
11995.47112	-0.00479111	0.015472715	0.033704523	-0.018229509
11995.4772	-0.004587745	0.015360198	0.033161384	-0.018764641
11995.48328	-0.004387712	0.015244461	0.032608977	-0.019288416
11995.4896	-0.004183456	0.015120867	0.032025416	-0.019820437
11995.49592	-0.00398292	0.01499395	0.031432334	-0.020339838
11995.50224	-0.003786161	0.014863792	0.030829984	-0.020846442
11995.50856	-0.003593237	0.014730472	0.030218622	-0.021340076
11995.51512	-0.003397024	0.014588775	0.02957452	-0.021838765
11995.52169	-0.003205068	0.014443852	0.028921273	-0.022323108
11995.52825	-0.003017429	0.014295798	0.028259177	-0.022792932
11995.53481	-0.002834163	0.014144709	0.027588534	-0.023248067
11995.54143	-0.002653969	0.013989487	0.026904402	-0.023691675
11995.54804	-0.002478327	0.013831382	0.026212212	-0.024120041
11995.55465	-0.002307288	0.013670495	0.025512282	-0.024533013
11995.56127	-0.002140902	0.013506928	0.024804933	-0.024930443
11995.5677	-0.001983591	0.013345375	0.024110176	-0.025301928
11995.57413	-0.001830768	0.013181482	0.023409006	-0.025658455
11995.58056	-0.001682475	0.013015343	0.022701724	-0.025999906
11995.58699	-0.001538751	0.012847057	0.021988635	-0.02632617
11995.59324	-0.001403593	0.012681681	0.021290922	-0.026628353
11995.59949	-0.001272808	0.012514463	0.020588304	-0.026916025
11995.60573	-0.001146426	0.012345493	0.019881065	-0.027189098
11995.61198	-0.001024475	0.012174864	0.019169489	-0.027447493
11995.61804	-0.000910442	0.012007856	0.018475393	-0.027684038
11995.62409	-0.000800624	0.011839457	0.017777751	-0.027906639
11995.63015	-0.000695043	0.011669752	0.017076825	-0.028115236
11995.63621	-0.000593718	0.011498826	0.016372882	-0.028309775
11995.64208	-0.000499682	0.011332243	0.015688666	-0.028484697
11995.64794	-0.000409666	0.011164674	0.015002112	-0.028646353
11995.65381	-0.000323684	0.010996195	0.014313464	-0.02879471
11995.65967	-0.000241747	0.010826886	0.013622964	-0.028929735
11995.66534	-0.000166477	0.010662685	0.012954692	-0.029047438
11995.671	-9.50E-05	0.010497854	0.012285141	-0.029152667
11995.67667	-2.73E-05	0.010332462	0.011614531	-0.029245404
11995.68233	3.66E-05	0.010166579	0.010943083	-0.029325636
11995.68778	9.44E-05	0.010006652	0.010296756	-0.029390994
11995.69322	0.000148752	0.0098464	0.009650053	-0.029444775
11995.69867	0.000199557	0.009685886	0.009003172	-0.029486976
11995.70412	0.000246838	0.009525174	0.008356309	-0.029517601
11995.70933	0.000288744	0.009371404	0.0077381	-0.029536059
11995.71453	0.000327433	0.009217566	0.007120257	-0.02954395
11995.71974	0.000362905	0.009063715	0.006502953	-0.029541282
11995.72495	0.000395164	0.008909904	0.005886359	-0.029528069
11995.73006	0.000423718	0.008758966	0.005281759	-0.029504849
11995.73518	0.000449183	0.008608173	0.00467817	-0.029471494
11995.74029	0.000471564	0.008457575	0.004075751	-0.029428023
11995.7454	0.000490868	0.008307226	0.003474665	-0.02937446
11995.75052	0.000507112	0.008157081	0.002874688	-0.029310785
11995.75564	0.000520289	0.008007288	0.002276365	-0.029237057
11995.76075	0.00053041	0.007857897	0.001679857	-0.029153306
11995.76587	0.000537484	0.007708961	0.001085322	-0.029059564
11995.771	0.000541524	0.00756032	0.000492086	-0.028955714
11995.77612	0.000542531	0.007412237	-9.89E-05	-0.028841917
11995.78124	0.000540515	0.007264763	-0.000687338	-0.028718213
11995.78637	0.000535491	0.007117948	-0.001273209	-0.028584647
11995.7915	0.000527451	0.006971521	-0.001857591	-0.028440935
11995.79664	0.000516418	0.006825858	-0.002439033	-0.02828741
11995.80177	0.000502406	0.006681008	-0.00301738	-0.028124121
11995.80691	0.000485433	0.006537022	-0.003592476	-0.027951121
11995.81206	0.00046545	0.006393519	-0.004165884	-0.0277679
11995.81721	0.000442524	0.006250985	-0.00473571	-0.027575024
11995.82236	0.000416671	0.006109469	-0.0053018	-0.027372552
11995.82751	0.000387913	0.005969021	-0.005864001	-0.027160548
11995.83268	0.000356142	0.005829153	-0.006424306	-0.026938205
11995.83785	0.000321485	0.00569046	-0.006980385	-0.02670639
11995.84302	0.000283963	0.00555299	-0.007532087	-0.026465174
11995.84819	0.000243601	0.005416791	-0.008079261	-0.026214631
11995.85339	0.000200209	0.005281275	-0.008624319	-0.025953583
11995.85858	0.000153999	0.005147139	-0.009164505	-0.025683275
11995.86378	0.000104995	0.005014431	-0.009699669	-0.025403788
11995.86898	5.32E-05	0.004883199	-0.010229664	-0.025115207
11995.87422	-1.86E-06	0.004752166	-0.010759701	-0.024814516
11995.87947	-5.97E-05	0.004622736	-0.011284163	-0.024504723
11995.88472	-0.0001203	0.004494955	-0.011802901	-0.024185922
11995.88997	-0.000183596	0.00436887	-0.012315771	-0.023858207
11995.89545	-0.000252584	0.004239006	-0.012845168	-0.023506412
11995.90094	-0.000324455	0.004111096	-0.013367837	-0.023145112
11995.90642	-0.000399174	0.003985193	-0.013883616	-0.022774424
11995.9119	-0.000476702	0.003861349	-0.014392346	-0.022394468
11995.9176	-0.000560237	0.003734835	-0.014913585	-0.021989769
11995.9233	-0.000646721	0.003610656	-0.015426861	-0.021575328
11995.92901	-0.000736108	0.003488867	-0.015932002	-0.02115129
11995.93471	-0.00082835	0.003369522	-0.016428838	-0.020717802
11995.94061	-0.00092691	0.003248474	-0.016934801	-0.02025874
11995.94652	-0.001028432	0.003130167	-0.017431483	-0.01978986
11995.95243	-0.00113286	0.003014658	-0.017918705	-0.019311336
11995.95834	-0.001240138	0.002902005	-0.01839629	-0.018823345
11995.96445	-0.001354029	0.002788554	-0.018879918	-0.018308866
11995.97056	-0.001470843	0.002678277	-0.019352865	-0.017784655
11995.97667	-0.001590514	0.002571231	-0.019814947	-0.01725092
11995.98278	-0.001712974	0.002467476	-0.020265984	-0.01670787
11995.989	-0.001840413	0.002365307	-0.020713542	-0.016145789
11995.99522	-0.0019706	0.002266662	-0.021149292	-0.015574506
11996.00144	-0.002103459	0.002171599	-0.02157306	-0.014994255
11996.00766	-0.002238916	0.002080171	-0.021984672	-0.014405268
11996.01365	-0.002371766	0.001995601	-0.022369465	-0.013829952
11996.01964	-0.002506886	0.001914499	-0.022742681	-0.013246969
11996.02563	-0.002644207	0.001836913	-0.023104176	-0.012656538
11996.03162	-0.002783658	0.001762884	-0.023453812	-0.01205888
11996.03736	-0.002919321	0.001695276	-0.02377784	-0.011479164
11996.04311	-0.003056814	0.001631015	-0.024090724	-0.010893206
11996.04885	-0.003196072	0.001570138	-0.024392354	-0.010301207
11996.05459	-0.00333703	0.001512678	-0.024682622	-0.009703369
11996.06008	-0.003473226	0.001461005	-0.024949231	-0.00912694
11996.06557	-0.003610858	0.001412508	-0.025205287	-0.008545548
11996.07106	-0.003749865	0.001367216	-0.025450706	-0.007959377
11996.07655	-0.00389019	0.001325153	-0.025685405	-0.007368608
11996.08179	-0.004025424	0.001288008	-0.02589954	-0.006800097
11996.08703	-0.004161756	0.001253854	-0.026103755	-0.00622772
11996.09228	-0.004299132	0.00122271	-0.026297986	-0.00565164
11996.09752	-0.0044375	0.001194597	-0.026482173	-0.005072022
11996.10273	-0.00457588	0.001169687	-0.026655137	-0.004492908
11996.10794	-0.004715135	0.001147802	-0.026818078	-0.003910628
11996.11314	-0.004855212	0.001128957	-0.026970946	-0.003325345
11996.11835	-0.004996059	0.001113169	-0.027113692	-0.002737222
11996.12353	-0.00513688	0.001100509	-0.0272456	-0.002149527
11996.12871	-0.005278358	0.0010909	-0.027367404	-0.001559348
11996.13389	-0.005420441	0.001084355	-0.027479061	-0.000966849
11996.13908	-0.005563075	0.001080885	-0.027580536	-0.000372195
11996.14423	-0.005705595	0.001080497	-0.027671422	0.000221889
11996.14939	-0.005848558	0.001083178	-0.027752145	0.000817783
11996.15455	-0.00599191	0.001088937	-0.027822676	0.001415324
11996.15971	-0.0061356	0.001097783	-0.027882987	0.002014346
11996.16485	-0.006279086	0.001109676	-0.027932901	0.002612648
11996.16999	-0.006422803	0.001124649	-0.027972619	0.003212095
11996.17513	-0.006566698	0.001142707	-0.028002123	0.003812523
11996.18028	-0.006710717	0.001163853	-0.028021395	0.004413769
11996.1854	-0.006854444	0.001188027	-0.028030412	0.005014135
11996.19053	-0.00699819	0.00121528	-0.028029225	0.005614988
11996.19566	-0.007141903	0.001245616	-0.028017826	0.006216164
11996.20079	-0.007285533	0.001279036	-0.027996208	0.0068175
11996.20591	-0.007428777	0.001315473	-0.027964432	0.007417793
11996.21103	-0.007571832	0.001354983	-0.027922469	0.008017918
11996.21615	-0.007714647	0.001397565	-0.02787032	0.008617714
11996.22127	-0.007857168	0.001443216	-0.02780799	0.009217018
11996.22638	-0.007999212	0.001491886	-0.027735559	0.009815106
11996.23149	-0.008140859	0.001543614	-0.027652981	0.010412378
11996.23661	-0.008282057	0.001598393	-0.02756027	0.011008673
11996.24172	-0.008422756	0.00165622	-0.027457439	0.011603828
11996.24699	-0.008567103	0.001718962	-0.027340957	0.012215497
11996.25226	-0.008710808	0.001784922	-0.027213779	0.012825609
11996.25753	-0.008853815	0.001854093	-0.027075927	0.013433988
11996.2628	-0.008996068	0.001926463	-0.02692743	0.01404046
11996.26827	-0.009143078	0.002005071	-0.026761817	0.014668667
11996.27375	-0.00928915	0.002087113	-0.02658477	0.015294428
11996.27922	-0.009434221	0.002172575	-0.026396329	0.015917546
11996.2847	-0.009578229	0.002261441	-0.026196538	0.016537828
11996.29037	-0.009726054	0.002356962	-0.025977907	0.017176465
11996.29603	-0.009872606	0.002456091	-0.025747228	0.017811643
11996.3017	-0.010017818	0.002558809	-0.025504561	0.01844315
11996.30737	-0.01016162	0.002665095	-0.025249968	0.019070772
11996.31321	-0.010308378	0.002778421	-0.024974983	0.019713754
11996.31905	-0.010453492	0.002895492	-0.02468746	0.020352151
11996.3249	-0.01059689	0.003016279	-0.024387482	0.020985734
11996.33074	-0.010738498	0.003140754	-0.024075133	0.021614276
11996.33675	-0.010882243	0.003272632	-0.023740969	0.022255427
11996.34277	-0.01102394	0.003408347	-0.023393908	0.02289076
11996.34878	-0.011163512	0.003547865	-0.023034054	0.023520033
11996.35479	-0.011300883	0.003691146	-0.022661519	0.024143004
11996.36096	-0.011439592	0.003842175	-0.022265844	0.024775993
11996.36714	-0.011575817	0.003997091	-0.021857043	0.02540183
11996.37331	-0.011709478	0.004155848	-0.021435251	0.026020261
11996.37949	-0.011840496	0.0043184	-0.021000607	0.026631037
11996.38582	-0.011972058	0.004489033	-0.020541562	0.027249335
11996.39216	-0.012100672	0.004663555	-0.020069304	0.027859052
11996.39849	-0.012226253	0.004841911	-0.019584	0.028459927
11996.40482	-0.012348719	0.005024044	-0.019085819	0.029051701
11996.41131	-0.01247093	0.005214588	-0.018562005	0.029648555
11996.41781	-0.012589697	0.005408974	-0.018025041	0.030235309
11996.4243	-0.012704936	0.005607136	-0.017475126	0.030811696
11996.43079	-0.012816564	0.005809006	-0.016912465	0.031377453
11996.43737	-0.012925979	0.006017408	-0.016329148	0.03193999
11996.44396	-0.013031512	0.006229475	-0.015733167	0.032491067
11996.45054	-0.013133081	0.006445132	-0.015124751	0.033030421
11996.45712	-0.013230605	0.006664299	-0.014504135	0.033557796
11996.4634	-0.013319832	0.006876665	-0.013900687	0.034049699
11996.46968	-0.013405234	0.007092085	-0.013286559	0.034530248
11996.47597	-0.013486746	0.007310488	-0.012661967	0.034999233
11996.48225	-0.013564301	0.0075318	-0.012027132	0.035456446
11996.48822	-0.013634308	0.007744836	-0.011414289	0.035880029
11996.49419	-0.013700628	0.00796037	-0.010792588	0.036292619
11996.50017	-0.01376321	0.008178334	-0.010162229	0.03669405
11996.50614	-0.013822001	0.008398662	-0.009523413	0.037084159
11996.5118	-0.013874181	0.008609616	-0.008910303	0.037443322
11996.51746	-0.013922869	0.008822575	-0.008289959	0.037792038
11996.52312	-0.013968026	0.009037477	-0.007662561	0.038130177
11996.52878	-0.014009612	0.009254264	-0.007028289	0.038457613
11996.53417	-0.014045817	0.009462151	-0.0064188	0.038759008
11996.53955	-0.014078724	0.009671634	-0.00580342	0.039050506
11996.54494	-0.014108302	0.00988266	-0.005182312	0.039332005
11996.55032	-0.014134521	0.010095174	-0.004555639	0.039603409
11996.55565	-0.014157125	0.010306824	-0.003930364	0.039861879
11996.56097	-0.014176384	0.010519823	-0.003299966	0.040110285
11996.5663	-0.014192272	0.010734119	-0.002664609	0.04034854
11996.57163	-0.014204763	0.010949657	-0.002024456	0.04057656
11996.57691	-0.014213767	0.011164491	-0.001385303	0.040792414
11996.58219	-0.014219385	0.011380439	-0.000741764	0.040998052
11996.58747	-0.014221593	0.011597444	-9.40E-05	0.041193401
11996.59275	-0.014220371	0.011815455	0.000557817	0.041378388
11996.59799	-0.014215743	0.012032782	0.001208637	0.041551686
11996.60323	-0.014207695	0.012250991	0.001863126	0.041714643
11996.60847	-0.014196207	0.012470027	0.00252112	0.041867196
11996.61371	-0.014181262	0.012689835	0.003182453	0.042009286
11996.61892	-0.01416297	0.012908967	0.003842757	0.04214006
11996.62413	-0.01414123	0.013128753	0.004506029	0.042260392
11996.62934	-0.014116029	0.013349138	0.005172103	0.042370233
11996.63455	-0.014087352	0.013570068	0.005840812	0.042469533
11996.63973	-0.014055365	0.013790318	0.006508443	0.042557807
11996.64491	-0.014019914	0.014010998	0.007178352	0.042635565
11996.65009	-0.013980986	0.014232054	0.007850372	0.042702767
11996.65527	-0.013938571	0.01445343	0.008524339	0.042759375
11996.66043	-0.013892867	0.014674113	0.009197159	0.04280518
11996.66558	-0.013843687	0.014895005	0.009871577	0.042840418
11996.67074	-0.013791026	0.015116052	0.010547428	0.04286506
11996.6759	-0.013734874	0.015337198	0.011224544	0.042879079
11996.68116	-0.013674007	0.015562782	0.011916241	0.042882412
11996.68642	-0.013609499	0.015788355	0.012608903	0.04287465
11996.69168	-0.013541344	0.016013858	0.013302355	0.042855774
11996.69694	-0.01346954	0.016239232	0.013996417	0.042825767
11996.70243	-0.0133908	0.016473973	0.014720399	0.042782622
11996.70791	-0.013308088	0.016708444	0.01544465	0.042727354
11996.7134	-0.013221405	0.016942579	0.016168966	0.042659955
11996.71888	-0.013130749	0.017176311	0.016893145	0.042580418
11996.72456	-0.013032596	0.017418074	0.017643386	0.042485168
11996.73025	-0.01293018	0.017659259	0.018393036	0.042376878
11996.73593	-0.012823505	0.017899791	0.01914187	0.042255554
11996.74162	-0.012712576	0.018139597	0.019889663	0.042121205
11996.74748	-0.012593627	0.018386273	0.020660169	0.041968891
11996.75335	-0.012470163	0.018632014	0.021429077	0.041802734
11996.75922	-0.012342192	0.01887674	0.022196142	0.041622757
11996.76508	-0.012209727	0.019120369	0.022961116	0.041428988
11996.77112	-0.012068744	0.019369833	0.023745828	0.041215237
11996.77716	-0.011923031	0.019617963	0.024527798	0.040986957
11996.78319	-0.011772607	0.019864671	0.025306759	0.040744192
11996.78923	-0.01161749	0.02010987	0.026082445	0.040486992
11996.79543	-0.011453374	0.020359948	0.026875137	0.040207969
11996.80163	-0.011284358	0.020608251	0.027663812	0.039913852
11996.80782	-0.011110466	0.020854684	0.028448184	0.039604712
11996.81402	-0.010931728	0.021099154	0.029227969	0.039280622
11996.82037	-0.010743522	0.021347601	0.030022185	0.038933003
11996.82673	-0.010550289	0.021593789	0.030810984	0.038569856
11996.83308	-0.010352062	0.021837622	0.031594066	0.038191277
11996.83943	-0.01014888	0.022079	0.032371132	0.037797372
11996.84594	-0.009935769	0.022323479	0.033160148	0.03737833
11996.85244	-0.009717549	0.022565182	0.033942232	0.036943462
11996.85894	-0.009494266	0.022804004	0.034717071	0.036492898
11996.86545	-0.009265967	0.023039846	0.035484354	0.036026774
11996.8721	-0.009027276	0.023277927	0.03626116	0.035533967
11996.87876	-0.008783444	0.023512675	0.037029409	0.035025184
11996.88541	-0.00853453	0.023743986	0.037788777	0.034500591
11996.89206	-0.008280594	0.023971754	0.038538944	0.033960359
11996.89887	-0.008015788	0.0242009	0.039296228	0.033391926
11996.90567	-0.007745863	0.024426125	0.040043224	0.032807523
11996.91248	-0.007470891	0.024647319	0.040779602	0.032207357
11996.91928	-0.007190947	0.024864377	0.041505034	0.031591638
11996.92624	-0.006899624	0.025081943	0.042235173	0.030946178
11996.9332	-0.006603263	0.025294963	0.042953191	0.030284924
11996.94015	-0.00630195	0.025503328	0.043658753	0.029608126
11996.94711	-0.005995772	0.025706931	0.044351531	0.028916038
11996.95423	-0.005677659	0.02591015	0.045046574	0.028192588
11996.96134	-0.005354649	0.026108165	0.045727563	0.027453703
11996.96846	-0.005026843	0.026300868	0.046394161	0.026699678
11996.97558	-0.004694346	0.026488152	0.047046041	0.025930813
11996.98258	-0.004362778	0.026667002	0.047672651	0.025160266
11996.98958	-0.004026876	0.02684041	0.048284407	0.024375958
11996.99658	-0.003686743	0.027008279	0.048881015	0.023578196
11997.00358	-0.003342487	0.027170518	0.049462186	0.022767294
11997.01029	-0.003008976	0.027320553	0.050004129	0.021978546
11997.01699	-0.002671881	0.027465261	0.050531412	0.021178321
11997.0237	-0.002331299	0.027604565	0.0510438	0.020366909
11997.0304	-0.001987332	0.027738391	0.051541066	0.019544606
11997.03682	-0.001655019	0.027861288	0.052002664	0.018747593
11997.04324	-0.001319788	0.027979039	0.052450012	0.017941143
11997.04966	-0.000981732	0.028091585	0.052882925	0.017125527
11997.05608	-0.000640945	0.028198866	0.053301222	0.016301019
11997.06222	-0.000312643	0.028296466	0.053687337	0.015504632
11997.06835	1.80E-05	0.028389155	0.054059784	0.014700614
11997.07449	0.00035086	0.028476886	0.054418419	0.013889216
11997.08063	0.000685891	0.028559616	0.054763103	0.013070688
11997.08648	0.001007175	0.02863378	0.05507855	0.012284056
11997.09233	0.001330267	0.028703324	0.055381087	0.011491398
11997.09818	0.00165509	0.028768214	0.055670606	0.010692938
11997.10403	0.001981569	0.028828417	0.055947004	0.0098889
11997.10957	0.002292473	0.028881123	0.056196776	0.009121871
11997.11512	0.002604728	0.028929563	0.056434589	0.00835023
11997.12066	0.002918268	0.028973713	0.056660361	0.007574176
11997.1262	0.003233026	0.029013548	0.056874019	0.006793904
11997.13142	0.003530174	0.029047061	0.057063885	0.006056225
11997.13664	0.003828284	0.029076719	0.057242908	0.005315158
11997.14185	0.004127299	0.029102502	0.057411035	0.004570869
11997.14707	0.004427163	0.029124396	0.057568212	0.003823528
11997.15225	0.00472602	0.029142288	0.057713549	0.003077793
11997.15744	0.005025601	0.029156306	0.057847973	0.002329376
11997.16262	0.005325852	0.029166438	0.057971439	0.001578445
11997.16781	0.005626714	0.02917267	0.058083907	0.000825169
11997.17297	0.005926762	0.029174989	0.058184903	7.31E-05
11997.17813	0.006227302	0.029173421	0.058274928	-0.000680864
11997.18329	0.006528279	0.029167957	0.058353949	-0.001436697
11997.18845	0.006829636	0.029158588	0.058421936	-0.002194183
11997.19359	0.007130219	0.029145361	0.058478675	-0.002950397
11997.19874	0.007431065	0.029128241	0.058524409	-0.003707917
11997.20388	0.007732119	0.029107223	0.058559116	-0.004466576
11997.20902	0.008033322	0.029082301	0.058582777	-0.005226206
11997.21415	0.008333783	0.029053556	0.058595356	-0.005984528
11997.21928	0.00863428	0.029020921	0.058596919	-0.00674348
11997.22441	0.008934757	0.028984392	0.058587457	-0.007502895
11997.22953	0.009235157	0.028943967	0.058566959	-0.008262606
11997.23465	0.009534837	0.028899737	0.058535492	-0.009020959
11997.23977	0.009834328	0.028851626	0.058493024	-0.009779273
11997.24489	0.010133573	0.028799634	0.058439554	-0.010537379
11997.25001	0.010432517	0.028743762	0.058375083	-0.011295113
11997.25525	0.010738105	0.028682565	0.058297713	-0.012070067
11997.26048	0.011043257	0.028617311	0.058208831	-0.012844277
11997.26572	0.011347914	0.028548003	0.058108449	-0.013617563
11997.27096	0.011652015	0.028474647	0.057996579	-0.014389747
11997.27646	0.01197042	0.028393336	0.05786687	-0.015198558
11997.28195	0.012288078	0.028307584	0.057724553	-0.016005753
11997.28745	0.012604919	0.0282174	0.057569654	-0.016811128
11997.29294	0.012920874	0.028122796	0.057402201	-0.017614476
11997.29867	0.013248979	0.02801956	0.057214455	-0.018448926
11997.30439	0.013575971	0.027911555	0.057013161	-0.019280726
11997.31012	0.013901771	0.027798796	0.056798363	-0.020109646
11997.31585	0.014226303	0.0276813	0.056570109	-0.020935456
11997.32178	0.01456124	0.027554543	0.056319392	-0.021787836
11997.32771	0.014894647	0.027422739	0.056054337	-0.022636377
11997.33365	0.01522644	0.027285913	0.055775012	-0.023480829
11997.33958	0.015556532	0.027144088	0.055481487	-0.024320941
11997.34571	0.015895559	0.026992402	0.055163528	-0.025183739
11997.35184	0.016232592	0.026835444	0.054830593	-0.026041368
11997.35796	0.016567538	0.026673247	0.054482775	-0.026893558
11997.36409	0.016900308	0.026505845	0.054120173	-0.027740039
11997.37041	0.017240725	0.026327999	0.053731303	-0.028605753
11997.37672	0.017578639	0.026144709	0.053326973	-0.029464834
11997.38303	0.017913951	0.025956017	0.052907306	-0.030316994
11997.38934	0.018246567	0.025761969	0.052472431	-0.031161946
11997.39583	0.018585672	0.025556898	0.052009546	-0.032022971
11997.40232	0.018921721	0.025346264	0.051530875	-0.03287577
11997.40882	0.019254612	0.025130123	0.051036578	-0.033720041
11997.41531	0.019584244	0.02490853	0.050526817	-0.034555484
11997.42197	0.0199193	0.024675326	0.049987343	-0.035404039
11997.42864	0.020250707	0.024436498	0.049431926	-0.036242653
11997.43531	0.020578358	0.024192113	0.048860765	-0.037071014
11997.44197	0.02090215	0.023942241	0.048274061	-0.037888812
11997.44882	0.021230367	0.02368014	0.047655925	-0.038716895
11997.45566	0.021554301	0.023412414	0.047021869	-0.039533203
11997.4625	0.021873842	0.023139143	0.046372131	-0.040337418
11997.46934	0.022188884	0.022860411	0.045706958	-0.041129222
11997.47637	0.022507404	0.022568779	0.04500855	-0.041928573
11997.48339	0.022820964	0.022271582	0.044294432	-0.042714199
11997.49041	0.023129456	0.021968917	0.04356489	-0.043485775
11997.49743	0.023432771	0.021660885	0.042820218	-0.044242985
11997.50464	0.023738653	0.021339188	0.042040329	-0.045005049
11997.51185	0.024038857	0.021012055	0.041245144	-0.045751315
11997.51906	0.024333275	0.0206796	0.040435	-0.046481462
11997.52627	0.0246218	0.020341941	0.039610243	-0.047195173
11997.53366	0.024911473	0.019990366	0.038749587	-0.047909742
11997.54105	0.025194729	0.019633575	0.037874319	-0.048606378
11997.54845	0.025471461	0.019271701	0.036984834	-0.049284767
11997.55584	0.025741566	0.018904879	0.036081533	-0.049944604
11997.56299	0.025996513	0.018545367	0.035194739	-0.050565116
11997.57015	0.026245073	0.018181479	0.034295767	-0.05116772
11997.5773	0.02648716	0.017813346	0.033384999	-0.051752164
11997.58446	0.02672269	0.017441097	0.032462821	-0.052318203
11997.59137	0.026944062	0.017077469	0.031560903	-0.052847659
11997.59829	0.027159163	0.016710241	0.030649047	-0.05335949
11997.6052	0.027367924	0.016339534	0.029727614	-0.053853499
11997.61212	0.027570282	0.015965474	0.028796972	-0.054329496
11997.6188	0.027759845	0.015600623	0.027888472	-0.054772558
11997.62549	0.027943305	0.015232866	0.026972042	-0.055198441
11997.63218	0.02812061	0.014862319	0.026048023	-0.055606994
11997.63887	0.028291711	0.014489097	0.025116758	-0.055998073
11997.64533	0.028451193	0.014125824	0.024209822	-0.056359434
11997.6518	0.02860479	0.013760268	0.023296755	-0.056704214
11997.65827	0.028752464	0.013392536	0.022377873	-0.0570323
11997.66473	0.028894179	0.013022737	0.021453498	-0.057343587
11997.67098	0.029025325	0.012663814	0.020556045	-0.057628119
11997.67722	0.029150854	0.012303164	0.019654063	-0.057896811
11997.68346	0.029270738	0.011940886	0.018747845	-0.058149585
11997.68971	0.029384951	0.01157708	0.017837686	-0.058386369
11997.69572	0.029489582	0.011225298	0.016957539	-0.058599264
11997.70173	0.02958891	0.01087228	0.016074275	-0.058797204
11997.70775	0.029682917	0.010518118	0.015188162	-0.058980139
11997.71376	0.029771587	0.0101629	0.014299466	-0.059148022
11997.71953	0.029851638	0.009821149	0.013444554	-0.059294924
11997.7253	0.02992675	0.009478592	0.01258775	-0.059427898
11997.73107	0.029996913	0.009135307	0.01172929	-0.059546917
11997.73685	0.030062117	0.008791375	0.010869412	-0.059651957
11997.74235	0.030119685	0.008462795	0.010048134	-0.059739103
11997.74785	0.030172729	0.008133769	0.00922599	-0.0598135
11997.75336	0.030221246	0.007804369	0.008403191	-0.059875138
11997.75886	0.030265234	0.007474666	0.007579942	-0.05992401
11997.76406	0.030302631	0.007162925	0.006801862	-0.059958455
11997.76926	0.030335982	0.006851036	0.006023742	-0.059981501
11997.77446	0.030365287	0.006539056	0.005245758	-0.05999315
11997.77966	0.030390546	0.006227045	0.004468085	-0.059993408
11997.78478	0.030411428	0.005920473	0.00370437	-0.059982573
11997.78989	0.030428409	0.005613984	0.002941291	-0.059960758
11997.795	0.030441492	0.005307634	0.002179013	-0.059927975
11997.80011	0.030450682	0.005001481	0.001417702	-0.05988424
11997.80522	0.030455985	0.004695556	0.000657467	-0.059829568
11997.81033	0.030457405	0.004389938	-0.000101471	-0.059763981
11997.81544	0.03045495	0.004084684	-0.000858948	-0.059687503
11997.82055	0.030448628	0.003779848	-0.001614798	-0.059600159
11997.82567	0.030438437	0.003475228	-0.0023695	-0.05950189
11997.83078	0.03042439	0.003171137	-0.003122245	-0.059392797
11997.8359	0.030406499	0.002867633	-0.003872871	-0.059272912
11997.84101	0.030384773	0.002564769	-0.004621213	-0.059142272
11997.84613	0.030359181	0.002262109	-0.005368324	-0.059000677
11997.85126	0.030329768	0.001960202	-0.00611282	-0.058848371
11997.85638	0.030296547	0.001659103	-0.006854538	-0.058685397
11997.86151	0.030259534	0.001358866	-0.007593319	-0.058511804
11997.86664	0.03021864	0.001058821	-0.008330781	-0.058327179
11997.87178	0.030173966	0.000759752	-0.009064969	-0.058131981
11997.87691	0.030125531	0.000461713	-0.009795723	-0.057926266
11997.88205	0.030073352	0.000164757	-0.010522885	-0.057710089
11997.88725	0.030016666	-0.000135053	-0.01125605	-0.057480375
11997.89246	0.029956174	-0.00043364	-0.011985199	-0.057240039
11997.89767	0.029891898	-0.000730948	-0.01271017	-0.056989147
11997.90287	0.029823859	-0.001026923	-0.013430801	-0.056727767
11997.90836	0.029748078	-0.001337461	-0.014185676	-0.056440921
11997.91385	0.029668168	-0.001646393	-0.014935363	-0.056142584
11997.91933	0.029584158	-0.001953657	-0.015679677	-0.055832846
11997.92482	0.029496079	-0.002259189	-0.016418435	-0.0555118
11997.93056	0.029399616	-0.002576893	-0.017185118	-0.05516395
11997.9363	0.02929877	-0.002892565	-0.017945316	-0.054803942
11997.94205	0.029193579	-0.003206135	-0.018698824	-0.054431894
11997.94779	0.029084081	-0.003517535	-0.01944544	-0.054047925
11997.95376	0.028965581	-0.003839276	-0.020215014	-0.053635746
11997.95974	0.028842506	-0.004158515	-0.020976681	-0.053210931
11997.96571	0.028714903	-0.004475179	-0.021730222	-0.052773626
11997.97169	0.028582823	-0.004789192	-0.022475419	-0.052323982
11997.97789	0.028441139	-0.005112038	-0.023239358	-0.0518447
11997.98409	0.02829475	-0.005431872	-0.023993852	-0.051352487
11997.99028	0.028143713	-0.005748616	-0.024738666	-0.050847525
11997.99648	0.027988091	-0.00606219	-0.025473572	-0.050329999
11998.0029	0.02782226	-0.006383316	-0.026223514	-0.04978134
11998.00931	0.027651654	-0.006700881	-0.026962352	-0.049219643
11998.01573	0.027476345	-0.0070148	-0.027689846	-0.048645128
11998.02214	0.027296405	-0.007324994	-0.028405756	-0.048058022
11998.02877	0.02710562	-0.00764163	-0.029133348	-0.047438156
11998.03541	0.026910053	-0.007954113	-0.029848061	-0.04680534
11998.04204	0.02670979	-0.008262357	-0.030549647	-0.046159836
11998.04867	0.026504919	-0.00856628	-0.031237865	-0.045501915
11998.05547	0.026289924	-0.008873668	-0.031930151	-0.044813946
11998.06228	0.026070268	-0.00917633	-0.032607851	-0.044113481
11998.06909	0.025846048	-0.009474183	-0.033270722	-0.043400826
11998.0759	0.025617368	-0.009767144	-0.033918528	-0.04267629
11998.08282	0.025380414	-0.010059887	-0.034561437	-0.041927837
11998.08974	0.025139066	-0.010347409	-0.035188299	-0.041167767
11998.09666	0.024893436	-0.010629633	-0.035798887	-0.040396421
11998.10358	0.024643638	-0.010906481	-0.03639298	-0.039614144
11998.11072	0.024381507	-0.011186568	-0.036988763	-0.03879546
11998.11786	0.024115183	-0.011460767	-0.037566511	-0.037965889
11998.12501	0.023844797	-0.011729002	-0.038126005	-0.037125826
11998.13215	0.02357048	-0.0119912	-0.038667035	-0.036275671
11998.13911	0.023299628	-0.012240721	-0.039176082	-0.035438258
11998.14607	0.023025296	-0.012484384	-0.039667243	-0.034592029
11998.15303	0.022747608	-0.012722129	-0.040140346	-0.033737365
11998.15999	0.022466692	-0.012953899	-0.040595231	-0.032874649
11998.16676	0.022190437	-0.013173581	-0.041020119	-0.032028031
11998.17353	0.021911364	-0.013387508	-0.041427487	-0.031174519
11998.1803	0.021629593	-0.013595635	-0.041817206	-0.030314475
11998.18706	0.021345244	-0.013797919	-0.042189159	-0.029448262
11998.19365	0.021066255	-0.013989066	-0.042533858	-0.028599993
11998.20024	0.020785052	-0.014174609	-0.04286154	-0.027746572
11998.20682	0.020501748	-0.014354516	-0.043172117	-0.026888341
11998.21341	0.020216454	-0.014528756	-0.043465505	-0.026025642
11998.21981	0.019937237	-0.014692724	-0.043734238	-0.025182802
11998.22621	0.019656352	-0.014851283	-0.043986585	-0.024336381
11998.23262	0.019373903	-0.015004412	-0.044222488	-0.023486698
11998.23902	0.019089996	-0.015152089	-0.044441896	-0.022634072
11998.24524	0.018812929	-0.015290299	-0.044639183	-0.021803365
11998.25146	0.018534683	-0.015423335	-0.04482083	-0.020970478
11998.25768	0.018255356	-0.015551184	-0.044986808	-0.020135708
11998.2639	0.017975045	-0.015673835	-0.045137093	-0.019299349
11998.26994	0.017702402	-0.015787789	-0.045267809	-0.018487159
11998.27597	0.017429015	-0.015896842	-0.045383742	-0.017674024
11998.282	0.017154973	-0.016000988	-0.045484885	-0.016860214
11998.28803	0.016880366	-0.016100224	-0.045571236	-0.016046001
11998.29386	0.016614353	-0.016191519	-0.045640675	-0.015258483
11998.2997	0.016347975	-0.016278221	-0.04569629	-0.014471085
11998.30553	0.016081313	-0.016360331	-0.045738094	-0.013684049
11998.31136	0.015814447	-0.016437852	-0.045766102	-0.012897619
11998.31698	0.015557254	-0.016508194	-0.045780054	-0.012140842
11998.3226	0.015300019	-0.016574286	-0.045781245	-0.011385069
11998.32822	0.015042813	-0.016636136	-0.045769699	-0.01063052
11998.33384	0.014785707	-0.016693749	-0.045745445	-0.009877409
11998.33922	0.0145396	-0.01674497	-0.045710329	-0.009157594
11998.3446	0.014293714	-0.016792322	-0.045663617	-0.008439487
11998.34998	0.01404811	-0.016835814	-0.045605343	-0.007723274
11998.35536	0.013802851	-0.016875457	-0.045535545	-0.007009144
11998.36049	0.013569769	-0.016909628	-0.045458439	-0.006331482
11998.36561	0.013337109	-0.016940332	-0.045370968	-0.005656037
11998.37073	0.013104924	-0.016967583	-0.045273171	-0.00498297
11998.37585	0.012873266	-0.016991391	-0.045165092	-0.004312439
11998.38099	0.012641624	-0.017011817	-0.045046476	-0.003642975
11998.38613	0.012410617	-0.017028813	-0.044917621	-0.002976378
11998.39126	0.012180298	-0.017042392	-0.044778578	-0.002312807
11998.3964	0.01195072	-0.017052573	-0.044629402	-0.00165242
11998.40155	0.01172122	-0.017059386	-0.044469635	-0.000993329
11998.4067	0.01149257	-0.017062813	-0.044299785	-0.000337756
11998.41185	0.011264821	-0.017062872	-0.044119914	0.000314142
11998.417	0.011038024	-0.017059583	-0.043930085	0.000962211
11998.42217	0.010811337	-0.017052932	-0.043729552	0.001608843
11998.42735	0.010585712	-0.017042949	-0.043519118	0.002251304
11998.43252	0.010361201	-0.017029653	-0.043298855	0.002889441
11998.43769	0.010137855	-0.017013068	-0.043068836	0.003523102
11998.44289	0.009914647	-0.016993114	-0.04282795	0.00415518
11998.44808	0.009692717	-0.016969888	-0.04257737	0.004782432
11998.45328	0.009472113	-0.016943414	-0.042317179	0.005404708
11998.45848	0.009252887	-0.01691372	-0.042047461	0.006021858
11998.46371	0.009033826	-0.016880632	-0.041766655	0.006637271
11998.46893	0.008816258	-0.016844341	-0.041476391	0.007247199
11998.47416	0.008600232	-0.016804876	-0.041176762	0.007851493
11998.47939	0.008385796	-0.016762268	-0.040867863	0.008450008
11998.48465	0.008171551	-0.016716224	-0.040547588	0.009046625
11998.48991	0.007959016	-0.016667056	-0.040218119	0.00963709
11998.49518	0.007748239	-0.016614797	-0.039879558	0.010221259
11998.50044	0.007539268	-0.01655948	-0.039532014	0.010798988
11998.50583	0.007327291	-0.01649973	-0.039167092	0.011383513
11998.51121	0.007117306	-0.016436849	-0.038792992	0.011960994
11998.5166	0.00690936	-0.016370877	-0.038409835	0.012531285
11998.52199	0.006703502	-0.016301853	-0.038017746	0.013094239
11998.52764	0.0064899	-0.016226226	-0.037597076	0.013676612
11998.53329	0.006278701	-0.016147333	-0.037166869	0.014250595
11998.53893	0.00606996	-0.016065221	-0.036727278	0.014816029
11998.54458	0.005863728	-0.01597994	-0.036278455	0.015372757
11998.55048	0.005651257	-0.015887622	-0.035800437	0.015944249
11998.55638	0.005441633	-0.015791964	-0.035312721	0.01650592
11998.56227	0.005234912	-0.015693025	-0.034815489	0.0170576
11998.56817	0.00503115	-0.015590862	-0.03430893	0.017599123
11998.5743	0.004822347	-0.015481213	-0.033772187	0.01815159
11998.58043	0.004616866	-0.015368209	-0.03322577	0.018692707
11998.58657	0.004414766	-0.015251921	-0.032669901	0.019222299
11998.5927	0.004216103	-0.015132421	-0.032104803	0.019740195
11998.59907	0.004013432	-0.015004959	-0.031508246	0.020265624
11998.60545	0.003814593	-0.01487419	-0.030902234	0.02077807
11998.61182	0.003619644	-0.014740198	-0.030287028	0.021277357
11998.61819	0.003428644	-0.014603067	-0.029662893	0.021763314
11998.62481	0.003234543	-0.014457435	-0.029005608	0.022253659
11998.63142	0.00304482	-0.014308607	-0.028339288	0.02272927
11998.63804	0.002859536	-0.014156682	-0.027664239	0.023189972
11998.64466	0.002678746	-0.014001758	-0.026980774	0.023635599
11998.65123	0.002503615	-0.013844951	-0.026293639	0.024063293
11998.6578	0.002333027	-0.013685382	-0.025598814	0.024475791
11998.66438	0.002167031	-0.013523151	-0.024896615	0.024872948
11998.67095	0.002005675	-0.01335836	-0.024187358	0.025254624
11998.67734	0.001853315	-0.013195812	-0.023491438	0.025610681
11998.68374	0.001705421	-0.013031036	-0.022789446	0.025951867
11998.69013	0.001562033	-0.012864128	-0.022081681	0.026278073
11998.69652	0.001423185	-0.012695183	-0.021368442	0.026589194
11998.70272	0.001292759	-0.012529302	-0.020671032	0.026876724
11998.70893	0.001166675	-0.012361683	-0.019969026	0.027149858
11998.71513	0.00104496	-0.012192413	-0.019262703	0.027408515
11998.72134	0.000927641	-0.012021584	-0.018552344	0.027652621
11998.72735	0.000818099	-0.011854531	-0.017859938	0.027875364
11998.73337	0.000712734	-0.011686179	-0.017164262	0.028084302
11998.73939	0.000611563	-0.011516612	-0.016465575	0.028279382
11998.7454	0.000514604	-0.011345913	-0.015764136	0.028460556
11998.75123	0.000424798	-0.01117972	-0.015082946	0.028622604
11998.75705	0.000338964	-0.011012622	-0.014399662	0.028771553
11998.76287	0.000257114	-0.010844694	-0.013714522	0.02890737
11998.76869	0.000179258	-0.010676014	-0.013027765	0.029030029
11998.77431	0.000107932	-0.01051262	-0.012363827	0.029135885
11998.77993	4.03E-05	-0.010348665	-0.011698821	0.029229453
11998.78555	-2.35E-05	-0.010184219	-0.011032961	0.029310722
11998.79117	-8.36E-05	-0.010019351	-0.010366462	0.029379682
11998.79656	-0.000137845	-0.009860637	-0.00972579	0.029434331
11998.80196	-0.000188605	-0.00970166	-0.009084919	0.029477614
11998.80736	-0.000235907	-0.009542479	-0.00844404	0.029509533
11998.81275	-0.00027975	-0.009383157	-0.007803343	0.029530093
11998.8179	-0.00031837	-0.009231022	-0.007192199	0.029539128
11998.82306	-0.000353844	-0.009078867	-0.006581561	0.029537833
11998.82821	-0.000386173	-0.008926746	-0.005971594	0.029526219
11998.83336	-0.000415363	-0.008774711	-0.005362463	0.029504301
11998.83847	-0.000441242	-0.008623905	-0.004758698	0.029472365
11998.84359	-0.000464037	-0.008473289	-0.004156082	0.02943031
11998.8487	-0.000483752	-0.008322914	-0.003554775	0.029378157
11998.85381	-0.000500397	-0.008172831	-0.002954937	0.029315931
11998.85893	-0.000513987	-0.008022972	-0.00235625	0.029243598
11998.86405	-0.000524519	-0.007873509	-0.001759355	0.029161232
11998.86917	-0.000532	-0.007724493	-0.001164412	0.029068866
11998.87429	-0.000536441	-0.007575976	-0.000571579	0.028966534
11998.87941	-0.000537854	-0.007427774	1.99E-05	0.028854089
11998.88454	-0.000536241	-0.007280175	0.000608973	0.028731725
11998.88966	-0.000531615	-0.007133227	0.001195439	0.028599483
11998.89479	-0.00052399	-0.006986983	0.001779156	0.028457407
11998.89993	-0.000513351	-0.006841148	0.00236134	0.028305175
11998.90507	-0.000499729	-0.006696121	0.002940448	0.02814316
11998.9102	-0.000483139	-0.006551951	0.003516323	0.027971416
11998.91534	-0.000463599	-0.006408688	0.00408881	0.027789997
11998.9205	-0.00044105	-0.006265929	0.004659566	0.027598335
11998.92565	-0.000415568	-0.006124184	0.005226601	0.027397055
11998.93081	-0.000387174	-0.0059835	0.005789764	0.027186219
11998.93596	-0.000355886	-0.005843928	0.0063489	0.026965893
11998.94114	-0.000321584	-0.005704958	0.006906095	0.026735196
11998.94631	-0.000284409	-0.005567207	0.007458925	0.026495071
11998.95149	-0.000244384	-0.005430723	0.00800724	0.02624559
11998.95666	-0.000201534	-0.005295554	0.008550889	0.02598683
11998.96186	-0.000155649	-0.00516109	0.009092375	0.025717522
11998.96707	-0.000106962	-0.005028051	0.009628849	0.025439003
11998.97227	-5.55E-05	-0.004896485	0.010160162	0.025151356
11998.97747	-1.28E-06	-0.004766438	0.010686169	0.024854669
11998.98277	5.68E-05	-0.004635489	0.011216734	0.024543032
11998.98807	0.000117642	-0.004506216	0.01174148	0.024222189
11998.99337	0.000181269	-0.004378668	0.012260257	0.023892239
11998.99867	0.000247631	-0.004252894	0.012772913	0.023553285
11999.00421	0.000319756	-0.004123596	0.013301165	0.023190111
11999.00974	0.000394784	-0.003996333	0.013822427	0.022817365
11999.01527	0.000472676	-0.003871158	0.014336536	0.022435171
11999.0208	0.000553392	-0.003748124	0.014843328	0.022043654
11999.02655	0.000640185	-0.003622639	0.015361857	0.021627221
11999.0323	0.000729934	-0.003499576	0.015872142	0.021201014
11999.03804	0.000822591	-0.003378989	0.016374011	0.020765185
11999.04379	0.000918108	-0.003260934	0.016867292	0.020319887
11999.04974	0.001020007	-0.003141379	0.017369005	0.019848825
11999.05569	0.001124864	-0.003024656	0.017861138	0.01936795
11999.06165	0.001232622	-0.002910825	0.018343512	0.018877441
11999.0676	0.001343222	-0.002799942	0.018815949	0.018377483
11999.07375	0.001460499	-0.002688455	0.019293785	0.017850823
11999.07991	0.001580683	-0.002580239	0.019760623	0.017314472
11999.08606	0.001703706	-0.002475353	0.020216279	0.016768643
11999.09222	0.001829499	-0.002373855	0.020660574	0.016213555
11999.09839	0.00195833	-0.002275549	0.021094447	0.01564794
11999.10456	0.002089802	-0.002180761	0.021516547	0.015073465
11999.11073	0.002223842	-0.002089545	0.021926707	0.014490357
11999.1169	0.002360376	-0.002001952	0.02232476	0.01389885
11999.12284	0.002494037	-0.001921137	0.022696201	0.013321972
11999.12877	0.00262987	-0.001843769	0.023056147	0.012737747
11999.13471	0.002767805	-0.001769891	0.02340446	0.012146389
11999.14065	0.002907774	-0.001699545	0.023741012	0.011548116
11999.14634	0.003043754	-0.001635481	0.024052387	0.010968482
11999.15203	0.003181475	-0.001574732	0.024352734	0.010382892
11999.15772	0.003320873	-0.001517332	0.024641948	0.009791545
11999.16341	0.003461885	-0.001463312	0.024919928	0.00919464
11999.16884	0.003597907	-0.00141494	0.025174652	0.008619978
11999.17427	0.003735284	-0.001369701	0.025418973	0.008040612
11999.1797	0.003873959	-0.00132762	0.02565281	0.007456719
11999.18513	0.004013875	-0.001288723	0.025876087	0.006868477
11999.19037	0.004149875	-0.00125426	0.02608126	0.006297465
11999.1956	0.004286923	-0.001222796	0.026276488	0.005722741
11999.20084	0.004424966	-0.00119435	0.026461712	0.005144468
11999.20607	0.004563953	-0.001168941	0.026636872	0.004562809
11999.21127	0.004702946	-0.001146716	0.026800906	0.003981629
11999.21647	0.004842765	-0.001127522	0.026954896	0.003397431
11999.22168	0.00498336	-0.001111375	0.027098796	0.002810379
11999.22688	0.005124676	-0.001098288	0.027232557	0.002220636
11999.23205	0.005265947	-0.001088319	0.027355541	0.001631352
11999.23723	0.005407828	-0.001081405	0.027468405	0.001039731
11999.24241	0.005550267	-0.00107756	0.027571111	0.000445937
11999.24758	0.005693211	-0.001076793	0.027663623	-0.000149865
11999.25274	0.005836021	-0.001079099	0.027745594	-0.000745065
11999.25789	0.005979227	-0.001084477	0.027817392	-0.001341931
11999.26304	0.006122777	-0.001092935	0.02787899	-0.001940297
11999.2682	0.006266618	-0.001104482	0.027930364	-0.002540001
11999.27334	0.006410235	-0.001119071	0.027971377	-0.003138951
11999.27848	0.006554037	-0.00113674	0.028002189	-0.003738902
11999.28361	0.006697971	-0.001157493	0.028022784	-0.004339691
11999.28875	0.006841984	-0.001181336	0.028033149	-0.004941154
11999.29388	0.006985684	-0.001208203	0.028033284	-0.005541702
11999.299	0.007129359	-0.001238149	0.028023216	-0.006142596
11999.30413	0.007272955	-0.001271176	0.028002939	-0.00674367
11999.30925	0.007416422	-0.001307284	0.02797245	-0.007344762
11999.31437	0.007559483	-0.001346409	0.027931818	-0.007944774
11999.31949	0.00770231	-0.001388605	0.027881006	-0.008544478
11999.32461	0.007844851	-0.001433868	0.027820017	-0.009143711
11999.32973	0.007987054	-0.001482197	0.027748858	-0.009742311
11999.33484	0.008128759	-0.001533547	0.027667605	-0.010339658
11999.33995	0.008270021	-0.00158795	0.027576218	-0.010936048
11999.34507	0.008410791	-0.001645399	0.027474711	-0.011531321
11999.35018	0.008551016	-0.00170589	0.027363101	-0.012125314
11999.3555	0.008696119	-0.001771973	0.027236418	-0.012741125
11999.36081	0.00884052	-0.001841325	0.027098868	-0.013355199
11999.36613	0.008984161	-0.001913936	0.026950477	-0.013967356
11999.37144	0.009126984	-0.001989795	0.026791277	-0.014577417
11999.37696	0.009274354	-0.002071985	0.026614573	-0.015208441
11999.38248	0.009420716	-0.00215765	0.026426291	-0.015836811
11999.388	0.009566008	-0.002246775	0.026226475	-0.016462328
11999.39352	0.009710165	-0.002339344	0.026015173	-0.017084793
11999.39922	0.009857949	-0.002438653	0.025784684	-0.017724941
11999.40493	0.010004383	-0.002541605	0.02554203	-0.018361398
11999.41063	0.010149398	-0.002648177	0.025287274	-0.018993946
11999.41634	0.010292925	-0.002758346	0.025020485	-0.019622371
11999.42222	0.010439229	-0.002875636	0.024732987	-0.020265545
11999.4281	0.010583805	-0.002996695	0.024432861	-0.020903879
11999.43398	0.010726578	-0.003121494	0.024120195	-0.021537139
11999.43986	0.010867477	-0.00325	0.023795079	-0.022165095
11999.44591	0.011010339	-0.003385987	0.023447854	-0.022805092
11999.45196	0.011151062	-0.003525825	0.023087671	-0.023438992
11999.45801	0.011289568	-0.003669478	0.022714639	-0.02406655
11999.46405	0.01142578	-0.003816907	0.022328875	-0.024687523
11999.47026	0.011563159	-0.003972156	0.021919695	-0.025317971
11999.47647	0.011697958	-0.004131297	0.021497358	-0.025940967
11999.48268	0.011830093	-0.004294283	0.021062003	-0.026556256
11999.48889	0.011959485	-0.004461064	0.020613777	-0.027163586
11999.49526	0.012089252	-0.004635998	0.020140883	-0.02777791
11999.50163	0.012215965	-0.004814816	0.019654775	-0.028383333
11999.50799	0.012339541	-0.00499746	0.019155627	-0.028979593
11999.51436	0.012459898	-0.005183871	0.018643616	-0.02956643
11999.52089	0.012579824	-0.005378766	0.018105706	-0.030157826
11999.52742	0.012696196	-0.005577487	0.017554678	-0.030738783
11999.53394	0.012808931	-0.005779965	0.016990739	-0.031309034
11999.54047	0.012917943	-0.005986129	0.016414101	-0.031868315
11999.54699	0.013023028	-0.006195655	0.015825691	-0.032415721
11999.5535	0.013124238	-0.006408712	0.015225051	-0.032951671
11999.56002	0.013221493	-0.006625224	0.01461241	-0.033475913
11999.56654	0.013314716	-0.006845115	0.013988	-0.033988204
11999.57276	0.013399792	-0.007057889	0.013381785	-0.034465395
11999.57897	0.013481068	-0.007273595	0.012765292	-0.034931293
11999.58519	0.01355848	-0.007492161	0.012138734	-0.035385697
11999.59141	0.013631967	-0.007713515	0.011502328	-0.03582841
11999.59732	0.01369811	-0.007926394	0.010888606	-0.036238127
11999.60322	0.013760603	-0.00814166	0.010266382	-0.036636949
11999.60913	0.013819395	-0.008359251	0.009635852	-0.03702472
11999.61504	0.013874438	-0.008579099	0.008997216	-0.037401284
11999.62063	0.013923059	-0.008789291	0.008385208	-0.037747381
11999.62623	0.013968237	-0.00900139	0.007766286	-0.038083171
11999.63182	0.014009934	-0.009215339	0.007140624	-0.038408529
11999.63741	0.014048113	-0.009431078	0.006508399	-0.038723337
11999.64279	0.014081427	-0.009639858	0.005895338	-0.039015574
11999.64816	0.014111433	-0.009850181	0.005276553	-0.039297877
11999.65353	0.0141381	-0.010061993	0.004652205	-0.039570147
11999.6589	0.014161399	-0.01027524	0.00402246	-0.039832291
11999.66422	0.014181115	-0.010487665	0.003394006	-0.040081689
11999.66953	0.014197476	-0.010701389	0.002760587	-0.040320989
11999.67485	0.014210458	-0.010916358	0.002122367	-0.040550106
11999.68016	0.014220034	-0.011132518	0.001479511	-0.040768959
11999.68544	0.014226144	-0.01134798	0.000837652	-0.040975757
11999.69072	0.014214251	-0.011631311	-6.38E-06	-0.041215055
