11993.87633	5.48E-05	1.17E-05	7.19E-05	-3.37E-04
11993.883	5.52E-05	9.45E-06	5.78E-05	-3.39E-04
11993.88955	5.56E-05	7.22E-06	4.38E-05	-3.41E-04
11993.89609	5.58E-05	4.98E-06	2.98E-05	-3.43E-04
11993.90264	5.59E-05	2.73E-06	1.58E-05	-3.44E-04
11993.90918	5.60E-05	4.77E-07	1.71E-06	-3.44E-04
11993.91565	5.60E-05	-1.75E-06	-1.22E-05	-3.44E-04
11993.92212	5.58E-05	-3.97E-06	-2.61E-05	-3.43E-04
11993.92859	5.56E-05	-6.19E-06	-3.99E-05	-3.42E-04
11993.93506	5.53E-05	-8.39E-06	-5.37E-05	-3.40E-04
11993.9415	5.49E-05	-1.06E-05	-6.73E-05	-3.37E-04
11993.94793	5.45E-05	-1.27E-05	-8.08E-05	-3.34E-04
11993.95437	5.39E-05	-1.49E-05	-9.42E-05	-3.31E-04
11993.96081	5.32E-05	-1.70E-05	-1.07E-04	-3.26E-04
11993.96725	5.25E-05	-1.91E-05	-1.20E-04	-3.22E-04
11993.97369	5.17E-05	-2.11E-05	-1.33E-04	-3.17E-04
11993.98013	5.08E-05	-2.32E-05	-1.46E-04	-3.11E-04
11993.98657	4.98E-05	-2.51E-05	-1.58E-04	-3.05E-04
11993.99305	4.88E-05	-2.71E-05	-1.70E-04	-2.98E-04
11993.99953	4.76E-05	-2.90E-05	-1.82E-04	-2.91E-04
11994.00601	4.64E-05	-3.09E-05	-1.94E-04	-2.83E-04
11994.01249	4.51E-05	-3.27E-05	-2.05E-04	-2.75E-04
11994.01905	4.37E-05	-3.44E-05	-2.16E-04	-2.66E-04
11994.02562	4.23E-05	-3.61E-05	-2.27E-04	-2.57E-04
11994.03218	4.07E-05	-3.78E-05	-2.37E-04	-2.47E-04
11994.03874	3.92E-05	-3.94E-05	-2.47E-04	-2.37E-04
11994.04542	3.75E-05	-4.09E-05	-2.56E-04	-2.26E-04
11994.05211	3.57E-05	-4.24E-05	-2.65E-04	-2.15E-04
11994.0588	3.39E-05	-4.38E-05	-2.74E-04	-2.04E-04
11994.06549	3.21E-05	-4.51E-05	-2.82E-04	-1.92E-04
11994.07236	3.01E-05	-4.64E-05	-2.90E-04	-1.80E-04
11994.07924	2.81E-05	-4.76E-05	-2.97E-04	-1.67E-04
11994.08611	2.60E-05	-4.87E-05	-3.04E-04	-1.54E-04
11994.09299	2.39E-05	-4.97E-05	-3.10E-04	-1.41E-04
11994.0997	2.18E-05	-5.06E-05	-3.15E-04	-1.27E-04
11994.10642	1.97E-05	-5.14E-05	-3.20E-04	-1.14E-04
11994.11313	1.75E-05	-5.22E-05	-3.25E-04	-1.00E-04
11994.11985	1.53E-05	-5.28E-05	-3.28E-04	-8.64E-05
11994.12642	1.31E-05	-5.33E-05	-3.31E-04	-7.27E-05
11994.13299	1.10E-05	-5.37E-05	-3.34E-04	-5.90E-05
11994.13957	8.76E-06	-5.41E-05	-3.36E-04	-4.51E-05
11994.14614	6.55E-06	-5.43E-05	-3.37E-04	-3.12E-05
11994.15262	4.36E-06	-5.45E-05	-3.38E-04	-1.74E-05
11994.15911	2.17E-06	-5.46E-05	-3.38E-04	-3.68E-06
11994.1656	-1.56E-08	-5.45E-05	-3.37E-04	1.01E-05
11994.17208	-2.20E-06	-5.44E-05	-3.36E-04	2.38E-05
11994.17853	-4.36E-06	-5.42E-05	-3.35E-04	3.74E-05
11994.18497	-6.52E-06	-5.40E-05	-3.33E-04	5.08E-05
11994.19141	-8.65E-06	-5.36E-05	-3.30E-04	6.42E-05
11994.19786	-1.08E-05	-5.31E-05	-3.27E-04	7.75E-05
11994.2043	-1.29E-05	-5.26E-05	-3.23E-04	9.06E-05
11994.21074	-1.49E-05	-5.20E-05	-3.19E-04	1.03E-04
11994.21718	-1.70E-05	-5.12E-05	-3.14E-04	1.16E-04
11994.22362	-1.90E-05	-5.05E-05	-3.09E-04	1.29E-04
11994.23009	-2.10E-05	-4.96E-05	-3.03E-04	1.41E-04
11994.23656	-2.29E-05	-4.86E-05	-2.97E-04	1.53E-04
11994.24304	-2.48E-05	-4.76E-05	-2.90E-04	1.65E-04
11994.24951	-2.67E-05	-4.65E-05	-2.83E-04	1.76E-04
11994.25605	-2.85E-05	-4.53E-05	-2.75E-04	1.88E-04
11994.2626	-3.02E-05	-4.40E-05	-2.67E-04	1.99E-04
11994.26914	-3.20E-05	-4.27E-05	-2.58E-04	2.09E-04
11994.27568	-3.36E-05	-4.13E-05	-2.49E-04	2.20E-04
11994.28234	-3.52E-05	-3.98E-05	-2.39E-04	2.29E-04
11994.289	-3.68E-05	-3.83E-05	-2.29E-04	2.39E-04
11994.29566	-3.83E-05	-3.66E-05	-2.18E-04	2.48E-04
11994.30232	-3.97E-05	-3.49E-05	-2.07E-04	2.57E-04
11994.30916	-4.11E-05	-3.32E-05	-1.96E-04	2.65E-04
11994.31599	-4.24E-05	-3.13E-05	-1.84E-04	2.73E-04
11994.32282	-4.36E-05	-2.94E-05	-1.72E-04	2.80E-04
11994.32965	-4.47E-05	-2.75E-05	-1.59E-04	2.87E-04
11994.33642	-4.58E-05	-2.55E-05	-1.47E-04	2.93E-04
11994.34318	-4.67E-05	-2.35E-05	-1.34E-04	2.99E-04
11994.34994	-4.76E-05	-2.15E-05	-1.21E-04	3.04E-04
11994.3567	-4.83E-05	-1.94E-05	-1.07E-04	3.08E-04
11994.36331	-4.90E-05	-1.74E-05	-9.42E-05	3.12E-04
11994.36991	-4.96E-05	-1.53E-05	-8.09E-05	3.15E-04
11994.37652	-5.01E-05	-1.32E-05	-6.75E-05	3.18E-04
11994.38313	-5.05E-05	-1.11E-05	-5.41E-05	3.20E-04
11994.38964	-5.08E-05	-9.01E-06	-4.07E-05	3.22E-04
11994.39614	-5.10E-05	-6.91E-06	-2.73E-05	3.23E-04
11994.40265	-5.11E-05	-4.81E-06	-1.39E-05	3.23E-04
11994.40916	-5.12E-05	-2.71E-06	-5.57E-07	3.23E-04
11994.41562	-5.12E-05	-6.28E-07	1.27E-05	3.22E-04
11994.42208	-5.10E-05	1.45E-06	2.59E-05	3.21E-04
11994.42853	-5.08E-05	3.51E-06	3.90E-05	3.19E-04
11994.43499	-5.05E-05	5.57E-06	5.20E-05	3.17E-04
11994.44144	-5.01E-05	7.60E-06	6.49E-05	3.14E-04
11994.44788	-4.97E-05	9.61E-06	7.76E-05	3.10E-04
11994.45433	-4.91E-05	1.16E-05	9.02E-05	3.06E-04
11994.46078	-4.85E-05	1.36E-05	1.03E-04	3.02E-04
11994.46725	-4.78E-05	1.55E-05	1.15E-04	2.97E-04
11994.47372	-4.70E-05	1.74E-05	1.27E-04	2.91E-04
11994.48019	-4.62E-05	1.93E-05	1.38E-04	2.86E-04
11994.48666	-4.53E-05	2.11E-05	1.50E-04	2.79E-04
11994.4932	-4.42E-05	2.29E-05	1.61E-04	2.72E-04
11994.49973	-4.31E-05	2.47E-05	1.72E-04	2.65E-04
11994.50627	-4.20E-05	2.64E-05	1.83E-04	2.57E-04
11994.5128	-4.08E-05	2.80E-05	1.93E-04	2.49E-04
11994.51945	-3.94E-05	2.96E-05	2.03E-04	2.40E-04
11994.52609	-3.81E-05	3.12E-05	2.13E-04	2.30E-04
11994.53273	-3.66E-05	3.27E-05	2.22E-04	2.21E-04
11994.53937	-3.51E-05	3.41E-05	2.31E-04	2.11E-04
11994.54617	-3.35E-05	3.55E-05	2.39E-04	2.00E-04
11994.55298	-3.19E-05	3.68E-05	2.47E-04	1.89E-04
11994.55978	-3.01E-05	3.81E-05	2.55E-04	1.78E-04
11994.56658	-2.84E-05	3.93E-05	2.62E-04	1.66E-04
11994.57339	-2.66E-05	4.03E-05	2.69E-04	1.54E-04
11994.5802	-2.47E-05	4.14E-05	2.75E-04	1.42E-04
11994.58701	-2.28E-05	4.23E-05	2.80E-04	1.29E-04
11994.59382	-2.09E-05	4.31E-05	2.85E-04	1.17E-04
11994.60046	-1.90E-05	4.39E-05	2.89E-04	1.04E-04
11994.60711	-1.71E-05	4.45E-05	2.93E-04	9.16E-05
11994.61375	-1.51E-05	4.51E-05	2.96E-04	7.88E-05
11994.62039	-1.31E-05	4.56E-05	2.99E-04	6.59E-05
11994.62693	-1.12E-05	4.59E-05	3.01E-04	5.31E-05
11994.63346	-9.22E-06	4.62E-05	3.02E-04	4.03E-05
11994.64	-7.24E-06	4.65E-05	3.03E-04	2.74E-05
11994.64653	-5.26E-06	4.66E-05	3.03E-04	1.45E-05
11994.653	-3.30E-06	4.67E-05	3.03E-04	1.77E-06
11994.65948	-1.34E-06	4.66E-05	3.02E-04	-1.09E-05
11994.66595	6.12E-07	4.65E-05	3.01E-04	-2.36E-05
11994.67243	2.55E-06	4.63E-05	2.99E-04	-3.62E-05
11994.67889	4.48E-06	4.60E-05	2.97E-04	-4.86E-05
11994.68534	6.39E-06	4.57E-05	2.94E-04	-6.09E-05
11994.6918	8.27E-06	4.53E-05	2.91E-04	-7.31E-05
11994.69826	1.01E-05	4.47E-05	2.87E-04	-8.51E-05
11994.70473	1.20E-05	4.42E-05	2.82E-04	-9.70E-05
11994.71121	1.38E-05	4.35E-05	2.78E-04	-1.09E-04
11994.71768	1.56E-05	4.28E-05	2.72E-04	-1.20E-04
11994.72416	1.73E-05	4.19E-05	2.66E-04	-1.31E-04
11994.73069	1.90E-05	4.10E-05	2.60E-04	-1.42E-04
11994.73722	2.07E-05	4.01E-05	2.53E-04	-1.53E-04
11994.74376	2.23E-05	3.90E-05	2.46E-04	-1.63E-04
11994.75029	2.39E-05	3.80E-05	2.38E-04	-1.73E-04
11994.75692	2.55E-05	3.68E-05	2.30E-04	-1.83E-04
11994.76355	2.70E-05	3.55E-05	2.22E-04	-1.93E-04
11994.77019	2.84E-05	3.42E-05	2.13E-04	-2.02E-04
11994.77682	2.98E-05	3.28E-05	2.03E-04	-2.10E-04
11994.7836	3.11E-05	3.14E-05	1.93E-04	-2.19E-04
11994.79039	3.24E-05	2.99E-05	1.83E-04	-2.27E-04
11994.79717	3.36E-05	2.83E-05	1.72E-04	-2.34E-04
11994.80395	3.48E-05	2.67E-05	1.61E-04	-2.41E-04
11994.81081	3.58E-05	2.50E-05	1.50E-04	-2.48E-04
11994.81766	3.68E-05	2.33E-05	1.38E-04	-2.54E-04
11994.82452	3.77E-05	2.15E-05	1.27E-04	-2.59E-04
11994.83137	3.85E-05	1.97E-05	1.14E-04	-2.64E-04
11994.83805	3.93E-05	1.80E-05	1.02E-04	-2.69E-04
11994.84472	3.99E-05	1.62E-05	9.04E-05	-2.72E-04
11994.8514	4.05E-05	1.43E-05	7.81E-05	-2.76E-04
11994.85808	4.10E-05	1.25E-05	6.57E-05	-2.78E-04
11994.86463	4.13E-05	1.06E-05	5.35E-05	-2.80E-04
11994.87119	4.17E-05	8.80E-06	4.12E-05	-2.82E-04
11994.87775	4.19E-05	6.95E-06	2.88E-05	-2.83E-04
11994.88431	4.20E-05	5.09E-06	1.64E-05	-2.84E-04
11994.8908	4.21E-05	3.25E-06	4.17E-06	-2.84E-04
11994.89729	4.21E-05	1.41E-06	-8.05E-06	-2.83E-04
11994.90378	4.20E-05	-4.22E-07	-2.02E-05	-2.82E-04
11994.91028	4.18E-05	-2.25E-06	-3.23E-05	-2.80E-04
11994.91674	4.16E-05	-4.05E-06	-4.43E-05	-2.78E-04
11994.92321	4.13E-05	-5.84E-06	-5.61E-05	-2.76E-04
11994.92968	4.09E-05	-7.62E-06	-6.79E-05	-2.72E-04
11994.93615	4.04E-05	-9.37E-06	-7.94E-05	-2.69E-04
11994.94263	3.98E-05	-1.11E-05	-9.08E-05	-2.65E-04
11994.94911	3.92E-05	-1.28E-05	-1.02E-04	-2.60E-04
11994.95559	3.85E-05	-1.45E-05	-1.13E-04	-2.55E-04
11994.96207	3.77E-05	-1.61E-05	-1.24E-04	-2.50E-04
11994.96861	3.69E-05	-1.77E-05	-1.34E-04	-2.44E-04
11994.97514	3.60E-05	-1.93E-05	-1.45E-04	-2.37E-04
11994.98167	3.50E-05	-2.08E-05	-1.55E-04	-2.30E-04
11994.98821	3.40E-05	-2.23E-05	-1.64E-04	-2.23E-04
11994.99483	3.28E-05	-2.37E-05	-1.74E-04	-2.15E-04
11995.00146	3.17E-05	-2.51E-05	-1.83E-04	-2.07E-04
11995.00809	3.04E-05	-2.65E-05	-1.92E-04	-1.98E-04
11995.01472	2.91E-05	-2.78E-05	-2.00E-04	-1.89E-04
11995.02149	2.77E-05	-2.90E-05	-2.08E-04	-1.80E-04
11995.02826	2.63E-05	-3.02E-05	-2.16E-04	-1.70E-04
11995.03503	2.48E-05	-3.13E-05	-2.23E-04	-1.59E-04
11995.04181	2.33E-05	-3.24E-05	-2.30E-04	-1.49E-04
11995.0487	2.17E-05	-3.33E-05	-2.36E-04	-1.38E-04
11995.05558	2.00E-05	-3.43E-05	-2.42E-04	-1.27E-04
11995.06247	1.83E-05	-3.51E-05	-2.47E-04	-1.15E-04
11995.06936	1.66E-05	-3.58E-05	-2.52E-04	-1.03E-04
11995.07607	1.49E-05	-3.65E-05	-2.56E-04	-9.17E-05
11995.08277	1.32E-05	-3.71E-05	-2.60E-04	-7.99E-05
11995.08947	1.14E-05	-3.76E-05	-2.63E-04	-6.80E-05
11995.09618	9.67E-06	-3.80E-05	-2.65E-04	-5.60E-05
11995.10275	7.92E-06	-3.83E-05	-2.67E-04	-4.41E-05
11995.10933	6.16E-06	-3.86E-05	-2.69E-04	-3.21E-05
11995.11591	4.39E-06	-3.87E-05	-2.69E-04	-2.01E-05
11995.12248	2.62E-06	-3.88E-05	-2.70E-04	-8.09E-06
11995.12899	8.63E-07	-3.88E-05	-2.70E-04	3.80E-06
11995.13549	-8.89E-07	-3.88E-05	-2.69E-04	1.57E-05
11995.142	-2.63E-06	-3.86E-05	-2.68E-04	2.75E-05
11995.1485	-4.37E-06	-3.84E-05	-2.66E-04	3.92E-05
11995.15498	-6.09E-06	-3.81E-05	-2.64E-04	5.08E-05
11995.16145	-7.79E-06	-3.78E-05	-2.61E-04	6.23E-05
11995.16793	-9.47E-06	-3.73E-05	-2.58E-04	7.37E-05
11995.17441	-1.11E-05	-3.68E-05	-2.54E-04	8.49E-05
11995.18089	-1.28E-05	-3.62E-05	-2.50E-04	9.59E-05
11995.18738	-1.44E-05	-3.56E-05	-2.45E-04	1.07E-04
11995.19386	-1.59E-05	-3.48E-05	-2.40E-04	1.17E-04
11995.20035	-1.75E-05	-3.40E-05	-2.35E-04	1.28E-04
11995.20688	-1.90E-05	-3.32E-05	-2.29E-04	1.38E-04
11995.21342	-2.05E-05	-3.22E-05	-2.22E-04	1.48E-04
11995.21995	-2.19E-05	-3.12E-05	-2.15E-04	1.58E-04
11995.22648	-2.33E-05	-3.02E-05	-2.08E-04	1.67E-04
11995.23311	-2.46E-05	-2.90E-05	-2.00E-04	1.76E-04
11995.23973	-2.59E-05	-2.78E-05	-1.92E-04	1.85E-04
11995.24635	-2.72E-05	-2.66E-05	-1.83E-04	1.93E-04
11995.25298	-2.84E-05	-2.53E-05	-1.74E-04	2.01E-04
11995.25974	-2.95E-05	-2.39E-05	-1.65E-04	2.09E-04
11995.2665	-3.06E-05	-2.25E-05	-1.55E-04	2.16E-04
11995.27327	-3.16E-05	-2.10E-05	-1.45E-04	2.23E-04
11995.28003	-3.25E-05	-1.94E-05	-1.34E-04	2.29E-04
11995.28694	-3.34E-05	-1.78E-05	-1.23E-04	2.35E-04
11995.29386	-3.43E-05	-1.62E-05	-1.12E-04	2.41E-04
11995.30077	-3.50E-05	-1.45E-05	-1.01E-04	2.46E-04
11995.30768	-3.56E-05	-1.28E-05	-8.89E-05	2.50E-04
11995.3144	-3.62E-05	-1.11E-05	-7.73E-05	2.54E-04
11995.32113	-3.67E-05	-9.38E-06	-6.56E-05	2.57E-04
11995.32785	-3.71E-05	-7.64E-06	-5.38E-05	2.60E-04
11995.33457	-3.74E-05	-5.88E-06	-4.18E-05	2.62E-04
11995.34116	-3.76E-05	-4.15E-06	-3.00E-05	2.64E-04
11995.34775	-3.78E-05	-2.40E-06	-1.81E-05	2.65E-04
11995.35433	-3.79E-05	-6.56E-07	-6.17E-06	2.66E-04
11995.36092	-3.79E-05	1.10E-06	5.77E-06	2.66E-04
11995.36743	-3.78E-05	2.82E-06	1.76E-05	2.65E-04
11995.37395	-3.77E-05	4.55E-06	2.93E-05	2.64E-04
11995.38046	-3.74E-05	6.27E-06	4.10E-05	2.63E-04
11995.38697	-3.71E-05	7.97E-06	5.26E-05	2.61E-04
11995.39345	-3.67E-05	9.65E-06	6.41E-05	2.58E-04
11995.39993	-3.63E-05	1.13E-05	7.55E-05	2.55E-04
11995.40641	-3.58E-05	1.30E-05	8.67E-05	2.52E-04
11995.41289	-3.52E-05	1.46E-05	9.78E-05	2.48E-04
11995.41937	-3.45E-05	1.62E-05	1.09E-04	2.43E-04
11995.42586	-3.38E-05	1.77E-05	1.19E-04	2.39E-04
11995.43234	-3.29E-05	1.93E-05	1.30E-04	2.33E-04
11995.43883	-3.21E-05	2.08E-05	1.40E-04	2.27E-04
11995.44536	-3.11E-05	2.22E-05	1.50E-04	2.21E-04
11995.45189	-3.01E-05	2.36E-05	1.60E-04	2.14E-04
11995.45842	-2.90E-05	2.50E-05	1.69E-04	2.07E-04
11995.46495	-2.79E-05	2.63E-05	1.78E-04	2.00E-04
11995.47156	-2.67E-05	2.76E-05	1.87E-04	1.91E-04
11995.47818	-2.54E-05	2.89E-05	1.96E-04	1.83E-04
11995.48479	-2.41E-05	3.01E-05	2.04E-04	1.74E-04
11995.49141	-2.27E-05	3.12E-05	2.12E-04	1.65E-04
11995.49816	-2.13E-05	3.23E-05	2.19E-04	1.55E-04
11995.50491	-1.98E-05	3.33E-05	2.27E-04	1.45E-04
11995.51166	-1.82E-05	3.42E-05	2.33E-04	1.35E-04
11995.51841	-1.66E-05	3.51E-05	2.39E-04	1.24E-04
11995.52534	-1.49E-05	3.59E-05	2.45E-04	1.13E-04
11995.53227	-1.32E-05	3.67E-05	2.50E-04	1.01E-04
11995.5392	-1.15E-05	3.73E-05	2.55E-04	8.95E-05
11995.54613	-9.68E-06	3.79E-05	2.59E-04	7.75E-05
11995.55286	-7.92E-06	3.84E-05	2.63E-04	6.57E-05
11995.55959	-6.14E-06	3.88E-05	2.66E-04	5.37E-05
11995.56633	-4.34E-06	3.91E-05	2.68E-04	4.16E-05
11995.57306	-2.53E-06	3.93E-05	2.70E-04	2.94E-05
11995.57965	-7.41E-07	3.95E-05	2.72E-04	1.74E-05
11995.58625	1.05E-06	3.96E-05	2.73E-04	5.28E-06
11995.59284	2.85E-06	3.96E-05	2.73E-04	-6.85E-06
11995.59943	4.65E-06	3.95E-05	2.73E-04	-1.90E-05
11995.60595	6.42E-06	3.93E-05	2.72E-04	-3.10E-05
11995.61246	8.19E-06	3.91E-05	2.71E-04	-4.29E-05
11995.61897	9.95E-06	3.88E-05	2.69E-04	-5.48E-05
11995.62549	1.17E-05	3.84E-05	2.67E-04	-6.66E-05
11995.63196	1.34E-05	3.79E-05	2.64E-04	-7.83E-05
11995.63844	1.51E-05	3.73E-05	2.60E-04	-8.98E-05
11995.64492	1.68E-05	3.67E-05	2.57E-04	-1.01E-04
11995.65139	1.84E-05	3.60E-05	2.52E-04	-1.12E-04
11995.65787	2.01E-05	3.53E-05	2.48E-04	-1.23E-04
11995.66435	2.16E-05	3.44E-05	2.42E-04	-1.34E-04
11995.67083	2.32E-05	3.35E-05	2.37E-04	-1.45E-04
11995.67731	2.47E-05	3.26E-05	2.30E-04	-1.55E-04
11995.68383	2.62E-05	3.15E-05	2.24E-04	-1.65E-04
11995.69035	2.76E-05	3.04E-05	2.17E-04	-1.75E-04
11995.69687	2.90E-05	2.92E-05	2.09E-04	-1.85E-04
11995.70339	3.04E-05	2.80E-05	2.01E-04	-1.94E-04
11995.70999	3.17E-05	2.67E-05	1.93E-04	-2.03E-04
11995.71659	3.29E-05	2.53E-05	1.84E-04	-2.12E-04
11995.72319	3.41E-05	2.39E-05	1.75E-04	-2.20E-04
11995.72979	3.52E-05	2.24E-05	1.65E-04	-2.28E-04
11995.73652	3.63E-05	2.09E-05	1.55E-04	-2.35E-04
11995.74326	3.73E-05	1.92E-05	1.45E-04	-2.43E-04
11995.74999	3.82E-05	1.76E-05	1.34E-04	-2.49E-04
11995.75672	3.91E-05	1.59E-05	1.23E-04	-2.55E-04
11995.76364	3.99E-05	1.41E-05	1.11E-04	-2.61E-04
11995.77056	4.06E-05	1.23E-05	9.92E-05	-2.67E-04
11995.77749	4.13E-05	1.04E-05	8.70E-05	-2.71E-04
11995.78441	4.18E-05	8.51E-06	7.46E-05	-2.76E-04
11995.79115	4.23E-05	6.64E-06	6.24E-05	-2.79E-04
11995.79789	4.27E-05	4.75E-06	4.99E-05	-2.82E-04
11995.80463	4.30E-05	2.84E-06	3.74E-05	-2.85E-04
11995.81137	4.32E-05	9.18E-07	2.47E-05	-2.87E-04
11995.81797	4.33E-05	-9.77E-07	1.22E-05	-2.88E-04
11995.82456	4.33E-05	-2.88E-06	-3.43E-07	-2.89E-04
11995.83116	4.33E-05	-4.78E-06	-1.29E-05	-2.89E-04
11995.83775	4.32E-05	-6.69E-06	-2.55E-05	-2.89E-04
11995.84426	4.30E-05	-8.56E-06	-3.80E-05	-2.88E-04
