0.0,-4.965545608,0.38882144087,2.257237945,20.211354498
0.0014693467786,-4.9559529944,0.46665675142,2.7163945576,20.145760321
0.0029386935571,-4.9445933652,0.54421564366,3.1734099858,20.068038437
0.0044080403357,-4.9314756773,0.62145148091,3.6279226392,19.97826331
0.0058773871142,-4.9166102766,0.6983179359,4.0795737648,19.876520921
0.0073125240774,-4.9004150495,0.77299413718,4.5176064538,19.765687992
0.0087476610406,-4.8825759051,0.84723162001,4.9522421864,19.64363257
0.010182798004,-4.8631062523,0.92098831329,5.3831567146,19.510465898
0.011617934967,-4.8420207143,0.99422258384,5.810029793,19.3663092
0.013036926253,-4.8195991702,1.0660789911,6.2278174617,19.213097386
0.014455917539,-4.7956297913,1.1373451288,6.6410443307,19.049405506
0.015874908825,-4.7701301188,1.2079822277,7.0494142842,18.875378561
0.017293900111,-4.7431187873,1.2779520751,7.4526362662,18.691170423
0.018709611752,-4.7146830901,1.3470577981,7.8495116421,18.497403983
0.020125323393,-4.6847829522,1.4154251498,8.240700241,18.293835011
0.021541035034,-4.6534400148,1.48301803,8.6259297626,18.080641522
0.022956746675,-4.6206769196,1.5498010149,9.0049340117,17.858009496
0.024380720387,-4.5863138811,1.6161216536,9.3796076119,17.624752694
0.025804694098,-4.5505629688,1.681553208,9.7474624745,17.382347676
0.02722866781,-4.5134501411,1.7460618773,10.108247906,17.131006651
0.028652641521,-4.47500228,1.8096146671,10.461720428,16.870948991
0.030097635914,-4.4346506532,1.8730954353,10.812692799,16.598374257
0.031542630307,-4.3929828383,1.9355260721,11.155653072,16.317300115
0.0329876247,-4.350029665,1.9968748108,11.490370943,16.027976704
0.034432619092,-4.3058228207,2.0571108454,11.816624608,15.730660581
0.035916543378,-4.2591543515,2.1177803272,12.142634862,15.417291681
0.037400467664,-4.2112341272,2.1772137039,12.459272877,15.0960615
0.038884391949,-4.1620990693,2.2353809296,12.766327602,14.767266923
0.040368316235,-4.1117869019,2.2922531265,13.063598181,14.431210527
0.041928484156,-4.057662553,2.3506205007,13.3653825,14.070394394
0.043488652077,-4.0023251717,2.4074950141,13.655932011,13.702255226
0.045048819997,-3.9458211747,2.46284743,13.935050764,13.327162279
0.046608987918,-3.888197754,2.5166500346,14.202555891,12.945489855
0.048367796893,-3.8219553396,2.5754117931,14.489982561,12.507807191
0.050126605868,-3.7544208834,2.6321356377,14.762211975,12.06279359
0.051885414842,-3.6856650203,2.6867890006,15.019042905,11.611003603
0.053644223817,-3.6157592642,2.7393418854,15.26029579,11.152996533
0.055343663048,-3.5471888,2.7880997311,15.478458445,10.705072939
0.057043102278,-3.4776780871,2.8348485005,15.681806378,10.252381457
0.058742541509,-3.4072934528,2.8795680661,15.870235351,9.7954346098
0.06044198074,-3.3361016471,2.9222405896,16.043659956,9.3347460347
0.062002647151,-3.2700697154,2.9596120682,16.189649061,8.908820985
0.063563313563,-3.2034657927,2.9952336975,16.32289,8.480571815
0.065123979974,-3.1363421592,3.0290967698,16.443358134,8.050395727
0.066684646386,-3.0687511696,3.0611942024,16.551041855,7.6186887873
0.068203894692,-3.0025549109,3.0907386241,16.643588955,7.1973439663
0.069723142998,-2.9360137001,3.1186011235,16.72403521,6.7752844455
0.071242391304,-2.8691757509,3.1447795684,16.792404748,6.3528701363
0.07276163961,-2.8020891585,3.1692732571,16.848732862,5.9304584178
0.074264144588,-2.7355443395,3.1918406987,16.892642448,5.5130519702
0.075766649567,-2.6688493826,3.2127630639,16.92487504,5.0963346356
0.077269154546,-2.6020502169,3.2320437348,16.945496017,4.6806428172
0.078771659525,-2.535192494,3.249687413,16.954580749,4.2663092155
0.080272002768,-2.4684177502,3.2656782357,16.95222601,3.8542548831
0.081772346011,-2.4016746137,3.2800500256,16.938547508,3.4442056835
0.083272689254,-2.3350074806,3.292811308,16.913648936,3.0364801097
0.084773032498,-2.2684603208,3.3039718532,16.877643101,2.6313918622
0.086282735312,-2.2016631281,3.3135973994,16.830324369,2.226750822
0.087792438125,-2.1350752868,3.321625747,16.772015484,1.8254017268
0.089302140939,-2.0687400729,3.3280705446,16.70285794,1.4276479823
0.090811843753,-2.002700185,3.3329466315,16.623001622,1.03378711
0.092342106828,-1.93610545,3.3363046373,16.531301488,0.63883384785
0.093872369904,-1.8699005434,3.3380852324,16.428944439,0.24847651516
0.09540263298,-1.8041279127,3.3383074628,16.316111352,-0.13699487576
0.096932896055,-1.7388292632,3.3369915252,16.192990858,-0.5172973706
0.098496959127,-1.6726207248,3.3340792174,16.056724362,-0.90037148038
0.1000610222,-1.6069929378,3.3296062641,15.910133055,-1.2774714281
0.10162508527,-1.5419878336,3.3235977664,15.753441583,-1.6483190985
0.10318914834,-1.4776464067,3.31607995,15.58688177,-2.0126448071
0.10480695641,-1.4118349206,3.3067448784,15.404469828,-2.3823498603
0.10642476448,-1.3468195107,3.2958556306,15.212026633,-2.7445185766
0.10804257255,-1.282642188,3.2834447855,15.009830738,-3.0988819535
0.10966038062,-1.2193437666,3.2695460427,14.798167389,-3.4451812503
0.11137653114,-1.1532023886,3.2532149184,14.563614609,-3.8034401344
0.11309268165,-1.0881402665,3.2352914401,14.319091837,-4.1520618208
0.11480883217,-1.0242015009,3.2158196351,14.064961291,-4.490776136
0.11652498269,-0.9614285458,3.194844717,13.801591635,-4.8193263923
0.11833834906,-0.89641151589,3.1710996973,13.513678562,-5.1551752664
0.12015171542,-0.83278768113,3.1457841648,13.216316878,-5.4791343236
0.12196508179,-0.77060093808,3.1189553244,12.909961199,-5.790950305
0.12377844816,-0.70989300624,3.0906715457,12.595071602,-6.0903870113
0.12554804253,-0.65211397827,3.0617246702,12.280000182,-6.3704514402
0.1273176369,-0.59581555787,3.0315050459,11.95768055,-6.6383302819
0.12908723128,-0.54103039581,3.0000696827,11.628551855,-6.8938509679
0.13085682565,-0.48778909656,2.9674763567,11.293055963,-7.1368562983
0.13267934249,-0.43459946624,2.9327595892,10.941339725,-7.3738970063
0.13450185932,-0.38310658559,2.8969411617,10.583827802,-7.5973740091
0.13632437616,-0.33333701472,2.8600862599,10.22100844,-7.8071661459
0.13814689299,-0.28531497612,2.8222606086,9.8533706162,-8.0031691089
0.13987209209,-0.24148707499,2.7856202627,9.5013670107,-8.1759221757
0.14159729119,-0.19926131645,2.7482258346,9.1458987806,-8.3361801008
0.14332249029,-0.15865245344,2.7101340221,8.7873798471,-8.4838953606
0.14504768939,-0.11967336683,2.671401709,8.4262230498,-8.6190334132
0.14674604159,-0.082903498257,2.6327019084,8.0685096054,-8.7397622105
0.14844439379,-0.04773250269,2.5934911019,7.7090292312,-8.8482724036
0.15014274599,-0.014167390648,2.5538237593,7.3481706268,-8.9445669772
0.15184109819,0.017786555022,2.5137543113,6.9863201284,-9.0286604683
0.15353193703,0.047995110307,2.4735165906,6.6254656853,-9.1002874058
0.15522277588,0.076601347499,2.4329876665,6.2643840931,-9.159883275
0.15691361473,0.10360508573,2.3922208369,5.9034478179,-9.2074954887
0.15860445358,0.12900778962,2.3512691655,5.5430258513,-9.2431820874
0.16029869561,0.1528588583,2.3101026507,5.1827609397,-9.267047619
0.16199293763,0.17511028793,2.2688563242,4.8237426092,-9.2790874717
0.16368717965,0.19576842234,2.2275825841,4.4663300281,-9.2793909726
0.16538142167,0.21484119271,2.1863334092,4.1108778549,-9.2680573662
0.16708675089,0.23244743265,2.1448912431,3.7554334202,-9.2450083031
0.16879208011,0.24846838579,2.1035781787,3.4026814326,-9.2104005823
0.17049740933,0.26291688179,2.0624456697,3.0529683405,-9.164364566
0.17220273855,0.27580728887,2.0215445654,2.7066350738,-9.1070399288
0.17392521863,0.2872618465,1.9805181529,2.3605910679,-9.0378308384
0.1756476987,0.29716093287,1.9398300692,2.0186765174,-8.9574192249
0.17737017878,0.30552397397,1.8995305822,1.6812243757,-8.8659765652
0.17909265885,0.31237188654,1.8596691644,1.3485610638,-8.7636830931
0.18083744258,0.31778670558,1.8197880142,1.0167998273,-8.6491959037
0.1825822263,0.32169462725,1.7804559006,0.69060538867,-8.523973652
0.18432701002,0.32412187762,1.7417215056,0.37029542844,-8.388229652
0.18607179375,0.32509612044,1.7036325149,0.056180049992,-8.2421854316
0.18784353273,0.32462846671,1.665663507,-0.2561382564,-8.0835809183
0.18961527171,0.32272442054,1.6284558279,-0.56144903417,-7.9148405887
0.19138701069,0.31941727246,1.592056024,-0.85945253408,-7.7362207943
0.19315874968,0.31474168694,1.5565094321,-1.149857684,-7.5479855417
0.1949619497,0.3086151638,1.5212532434,-1.4373261625,-7.3468150447
0.19676514972,0.30114779395,1.4869716305,-1.7163436374,-7.1362594264
0.19856834974,0.29238024132,1.4537083071,-1.9866317954,-6.9166197075
0.20037154976,0.28235446391,1.4215055454,-2.2479221823,-6.6882039628
0.2022110782,0.27087502539,1.3897891492,-2.5049371023,-6.4464700419
0.20405060665,0.25817828385,1.3592606349,-2.7520554896,-6.1962718363
0.20589013509,0.24431264081,1.3299600369,-2.98902481,-5.9379572438
0.20772966353,0.22932769029,1.3019256945,-3.2156036922,-5.6718805471
0.20961176302,0.21289041289,1.2745913003,-3.4364323086,-5.3919884694
0.21149386251,0.19539005254,1.2486580869,-3.6459090268,-5.1047403588
0.21337596199,0.17688324516,1.2241614156,-3.8438122762,-4.810534379
0.21525806148,0.15742769014,1.2011346665,-4.0299331446,-4.5097743161
0.21719283233,0.13650048676,1.1790286997,-4.2087747957,-4.1941960131
0.21912760317,0.11469753579,1.1585410652,-4.3747591705,-3.8725738288
0.22106237402,0.092084610196,1.1397013052,-4.5277017404,-3.5453626992
0.22299714487,0.06872838332,1.1225366391,-4.6674324862,-3.2130222953
0.22500672494,0.043754504456,1.1065084403,-4.798411514,-2.8628988056
0.22701630501,0.018128064234,1.0923393657,-4.9148122705,-2.5082668714
0.22902588508,-0.0080736585295,1.0800518055,-5.0164944825,-2.149655103
0.23103546515,-0.034772690444,1.0696653513,-5.1033350922,-1.7875957904
0.23319800844,-0.063969481448,1.0606311383,-5.1800858219,-1.3947399233
0.23536055172,-0.093552572996,1.0538350838,-5.2394179511,-0.99918282948
0.23752309501,-0.12342283224,1.0492906101,-5.2812454343,-0.60159839763
0.23968563829,-0.15348070429,1.0470073072,-5.3055056193,-0.20266286849
0.2419491326,-0.18503406038,1.0470455855,-5.312039416,0.21560529847
0.2442126269,-0.21656887878,1.0495694034,-5.2992673608,0.63383230613
0.2464761212,-0.24797047175,1.0545762021,-5.26720031,1.0512392593
0.2487396155,-0.27912430004,1.0620587962,-5.2158773825,1.4670477453
0.25076301772,-0.30667056617,1.0708339652,-5.1537523207,1.8367630468
0.25278641994,-0.33384626843,1.0815666339,-5.076360484,2.2040262639
0.25480982216,-0.36057053838,1.0942423118,-4.9837871949,2.568285635
0.25683322438,-0.38676300863,1.1088435842,-4.8761358055,2.928991786
0.25876095257,-0.41114927854,1.1245270487,-4.7596599581,3.2688368248
0.26068868076,-0.43491202988,1.1419198633,-4.6297283463,3.6044908751
0.26261640895,-0.45798350863,1.1609996385,-4.4864758594,3.9354873949
0.26454413714,-0.48029668064,1.181741633,-4.3300521162,4.2613634271
0.26640726324,-0.50107922299,1.2033426933,-4.1665081698,4.57102138
0.26827038935,-0.52103251198,1.2264446552,-3.9909756881,4.875057028
0.27013351545,-0.54009833633,1.2510190264,-3.8036286953,5.1730640815
0.27199664156,-0.55821936681,1.2770353385,-3.6046538628,5.4646407722
0.27381042515,-0.5748991945,1.303716947,-3.3999682728,5.7419402973
0.27562420874,-0.59057904954,1.3317027398,-3.1846466045,6.012407885
0.27743799232,-0.60520877914,1.3609593384,-2.9588952418,6.2756870909
0.27925177591,-0.61873923954,1.3914516794,-2.722931649,6.5314267803
0.28102614233,-0.63086576254,1.4224418427,-2.4824336905,6.7739812473
0.28280050875,-0.64185026598,1.4545435904,-2.2326051393,7.0086716393
0.28457487517,-0.65164983207,1.4877195643,-1.9736798722,7.2351857031
0.28634924159,-0.66022265515,1.521930966,-1.7059015613,7.4532171933
0.2880918323,-0.66740863295,1.5564985837,-1.4345471197,7.6587978131
0.28983442301,-0.67333482252,1.5919867065,-1.1551472254,7.8556296489
0.29157701372,-0.67796500832,1.6283546911,-0.86795966756,8.0434411448
0.29331960444,-0.68126417391,1.6655606675,-0.57325091898,8.2219673992
0.29503704913,-0.68318048486,1.7030077588,-0.27570350991,8.3885809955
0.29675449382,-0.68373997139,1.7411846625,0.028611129762,8.5456846064
0.29847193851,-0.68291275163,1.7800479765,0.33941386868,8.6930451168
0.3001893832,-0.68067021947,1.8195532645,0.65641789173,8.8304366898
0.30188801087,-0.67703336319,1.8592126481,0.97575996414,8.9563032559
0.30358663854,-0.67196021425,1.8994106734,1.3005883366,9.0720008023
0.30528526622,-0.66542697393,1.9401015578,1.6306042008,9.1773332714
0.30698389389,-0.65741119096,1.9812386622,1.9655019943,9.272112514
0.30867030537,-0.64796566633,2.0224744965,2.3025126096,9.3555927947
0.31035671685,-0.63701881758,2.0640561633,2.643715779,9.428325641
0.31204312833,-0.62455278665,2.1059357291,2.9887937378,9.4901514251
0.31372953981,-0.61055113515,2.1480645729,3.3374228576,9.5409190981
0.31541131189,-0.59504379302,2.1902767437,3.6883017519,9.5803930301
0.31709308397,-0.5779809393,2.2326383487,4.0420527764,9.6085959558
0.31877485605,-0.55935063751,2.2750993556,4.3983387287,9.6254048524
0.32045662813,-0.53914245082,2.3176092095,4.7568174245,9.6307060331
0.32214358339,-0.51727782962,2.3602478229,5.1182549105,9.6243578407
0.32383053866,-0.4938091701,2.4028322754,5.4811948248,9.6062308194
0.32551749393,-0.46873061313,2.445310215,5.8452781027,9.5762397763
0.32720444919,-0.44203789867,2.4876289356,6.2101416019,9.5343097819
0.32891196837,-0.41337331001,2.5302471653,6.579872076,9.4796446173
0.33061948755,-0.38305122659,2.5725926968,6.9496416726,9.4126258448
0.33232700673,-0.35107234119,2.6146100548,7.3190627449,9.3332090787
0.33403452591,-0.31743909109,2.6562435911,7.6877445409,9.2413614858
0.33579723222,-0.28098784187,2.6987609596,8.0671493401,9.1334831228
0.33755993854,-0.24278463455,2.7407484257,8.4449111667,9.0123250794
0.33932264485,-0.20283808462,2.7821445473,8.8205919471,8.8778911766
0.34108535117,-0.16115883922,2.8228879319,9.1937516253,8.7301991353
0.34289249891,-0.11664329622,2.8639167577,9.5732398241,8.5650530937
0.34469964665,-0.070335834262,2.9041292685,9.9491368593,8.3860552139
0.34650679438,-0.022254622764,2.943459905,10.320964891,8.1932711927
0.34831394212,0.027579901486,2.9818434577,10.688245848,7.9867827779
0.3501257155,0.079279221746,3.0193094419,11.051422308,7.7661071748
0.35193748888,0.13269285551,3.0556935868,11.409067478,7.5318705257
0.35374926225,0.18779335582,3.0909317055,11.760702154,7.2842045841
0.35556103563,0.24455100128,3.1249602769,12.105849103,7.0232577852
0.35732772772,0.30146165404,3.1569173979,12.435706998,6.7561723436
0.35909441982,0.35988588636,3.1876072623,12.758507318,6.4767842956
0.36086111191,0.41978996045,3.2169732371,13.073816182,6.1852774186
0.362627804,0.4811381354,3.2449595773,13.381203617,5.8818507216
0.36428027903,0.53979383012,3.2698393273,13.661171626,5.5874413417
0.36593275406,0.59964752365,3.2934200938,13.933492684,5.2829782003
0.36758522909,0.66066530613,3.315658694,14.197826748,4.9686602417
0.36923770412,0.72281180267,3.3365128333,14.453838403,4.644697958
0.37083135452,0.78378072198,3.3552744756,14.692543982,4.323340272
0.37242500491,0.84573090805,3.372673768,14.922910211,3.9934282424
0.37401865531,0.90862687335,3.3886753802,15.144650584,3.6551808258
0.37561230571,0.97243194304,3.4032449179,15.357483981,3.3088266836
0.37716857725,1.0355816154,3.4160586369,15.556465587,2.9630005956
0.37872484878,1.0995258749,3.4274446089,15.746439584,2.609901438
0.38028112032,1.1642274208,3.4373736081,15.927160929,2.2497683609
0.38183739186,1.229647964,3.4458174026,16.098390719,1.8828489111
0.3833698059,1.2947300084,3.4526540758,16.257495123,1.5151718418
0.38490221995,1.3604327538,3.4579993825,16.406955743,1.141414817
0.38643463399,1.4267169846,3.4618293852,16.546563638,0.76183723745
0.38796704804,1.4935426586,3.4641212049,16.676116754,0.37670583137
0.38948640428,1.5602932427,3.4648534599,16.794447419,-0.010357257321
0.39100576051,1.6274953791,3.4640320501,16.902519564,-0.40233694407
0.39252511675,1.6951078017,3.4616379237,17.000157888,-0.798952936
0.39404447299,1.7630885601,3.4576531598,17.087194779,-1.1999185647
0.39556114296,1.8312740194,3.4520723061,17.163345275,-1.6042214748
0.39707781293,1.8997410623,3.4448742208,17.228621943,-2.0122695963
0.3985944829,1.9684461113,3.4360445949,17.28288244,-2.4237600068
0.40011115287,2.0373450392,3.4255703363,17.325993009,-2.8383843122
0.40163711926,2.1068167987,3.413360104,17.357988813,-3.2583956341
0.40316308565,2.176393666,3.3994622274,17.378453045,-3.6809373404
0.40468905204,2.246029229,3.3838672292,17.387277144,-4.1056800703
0.40621501843,2.3156766602,3.3665669606,17.384362228,-4.5322898998
0.40776773638,2.3865085153,3.3472060095,17.369254841,-4.9679458521
0.40932045433,2.4572536904,3.3260667146,17.341818042,-5.4048241907
0.41087317227,2.5278617818,3.3031448356,17.301979784,-5.8425604501
0.41242589022,2.5982821152,3.2784376251,17.249679211,-6.2807865723
0.41404246415,2.671344177,3.250816028,17.181932954,-6.7371553837
0.41565903807,2.7440898941,3.2212582506,17.100582159,-7.1932303056
0.417275612,2.8164614702,3.1897664419,17.005598044,-7.6485860846
0.41889218592,2.8884010164,3.1563445604,16.89696575,-8.1027950023
0.420613498,2.9644615643,3.118642092,16.766291307,-8.5846888417
0.42233481007,3.0398967155,3.0787671758,16.620158964,-9.0642744754
0.42405612215,3.1146366982,3.0367314205,16.458604005,-9.5410300235
0.42577743422,3.188611942,2.9925487943,16.281680319,-10.014433031
0.42746247423,3.2602209717,2.9472334046,16.093668211,-10.474110578
0.42914751423,3.3309660917,2.8998938183,15.891083357,-10.929585499
0.43083255423,3.4007830657,2.8505497044,15.674028669,-11.380369962
0.43251759423,3.469608151,2.7992228852,15.442624418,-11.82597819
0.4340714904,3.5321430464,2.7501541558,15.216630673,-12.231900732
0.43562538657,3.5937316466,2.6994400916,14.978671906,-12.632634191
0.43717928274,3.6543254152,2.6471026213,14.728881618,-13.027805143
0.43873317891,3.7138763856,2.5931651904,14.467405758,-13.417043492
0.44022973878,3.7702000117,2.5397287512,14.204678918,-13.785969166
0.44172629864,3.8254707402,2.4848549693,13.931411989,-14.148728522
0.44322285851,3.8796474812,2.4285686981,13.647767692,-14.505001983
0.44471941838,3.9326898048,2.3708960377,13.353919146,-14.854474325
0.44618325958,3.9834368363,2.3131692376,13.056798927,-15.189428335
0.44764710077,4.0330239958,2.2541688482,12.750272247,-15.51729234
0.44911094197,4.0814155008,2.1939226548,12.434529308,-15.837785433
0.45057478317,4.1285763176,2.1324595119,12.109769341,-16.150632
0.45202064496,4.1739162912,2.0705858924,11.78035005,-16.451865834
0.45346650675,4.2179899781,2.0075840058,11.442545798,-16.745121822
0.45491236855,4.2607659638,1.9434846047,11.096573608,-17.03015135
0.45635823034,4.3022136723,1.8783193737,10.742658459,-17.306712002
0.45779760989,4.3421267337,1.8124199513,10.382671249,-17.573386702
0.45923698944,4.38066553,1.7455295636,10.015279932,-17.831208266
0.460676369,4.4178025455,1.6776820773,9.6407288431,-18.079957423
0.46211574855,4.4535112007,1.6089121743,9.2592693459,-18.319422034
0.4635596286,4.4878706749,1.5390361772,8.8699359696,-18.550101291
0.46500350866,4.5207422039,1.4683042535,8.4741779833,-18.771032786
0.46644738871,4.5521019542,1.3967537135,8.072269044,-18.982025471
0.46789126876,4.581927141,1.3244225761,7.6644889681,-19.182896464
0.4693524471,4.6105252041,1.2504697565,7.2461385181,-19.375691321
0.47081362543,4.6375081149,1.1757979353,6.8223700358,-19.55776991
0.47227480377,4.6628556804,1.1004485304,6.3934910977,-19.728969566
0.47373598211,4.6865488975,1.0244635658,5.9598145815,-19.889137046
0.47523346246,4.7090956381,0.94597592909,5.5107184028,-20.04168685
0.47673094282,4.7298683074,0.86691193125,5.0572644643,-20.182354703
0.47822842318,4.748850466,0.78731854347,4.5998047847,-20.311007644
0.47972590354,4.7660270672,0.7072432377,4.1386957875,-20.427523863
0.48130514956,4.7821703942,0.62232642057,3.648853291,-20.537131542
0.48288439558,4.7962761718,0.53698364946,3.155780196,-20.633002354
0.4844636416,4.8083318998,0.45127208542,2.6599076097,-20.715034855
0.48604288762,4.8183268728,0.36524928002,2.1616700902,-20.783142093
0.48796575689,4.8277017521,0.26017268435,1.552463519,-20.84716515
0.48988862615,4.8339960212,0.15482551888,0.9411940969,-20.890336302
0.49181149542,4.8372012812,0.049313217658,0.32865995365,-20.912587061
0.49373436469,4.837313168,-0.056258522129,-0.28433843852,-20.913881667
0.49530609137,4.8351066573,-0.14252173992,-0.78518057739,-20.899371509
0.49687781806,4.830834945,-0.22869622193,-1.285359955,-20.870872232
0.49844954474,4.8245016666,-0.31472430823,-1.7844399491,-20.828413149
0.50002127142,4.8161122563,-0.40054848991,-2.2819852635,-20.772038164
0.50151997989,4.8062041364,-0.48214304719,-2.7545890515,-20.705374461
0.50301868836,4.7944408274,-0.56345064958,-3.2250294718,-20.626173745
0.50451739682,4.7808315717,-0.64442211866,-3.6929351192,-20.534510765
0.50601610529,4.7653870672,-0.72500859324,-4.1579373791,-20.430472032
0.50747855026,4.7485586925,-0.80322764309,-4.6085398806,-20.317114273
0.50894099523,4.7300069609,-0.88098923008,-5.0556935438,-20.192167633
0.51040344021,4.709745752,-0.9582490776,-5.4990657358,-20.055744209
0.51186588518,4.6877902144,-1.0349633589,-5.9383277716,-19.907966274
0.51331028596,4.6644585039,-1.1101532319,-6.3678184796,-19.750995756
0.51475468674,4.6395070046,-1.1847273877,-6.7926752072,-19.583215161
0.51619908753,4.612953863,-1.2586451138,-7.2125945239,-19.404770621
0.51764348831,4.5848183668,-1.3318662687,-7.62727799,-19.215817313
0.51908251925,4.5552341992,-1.4040832479,-8.0349219086,-19.017279165
0.52052155018,4.5241209501,-1.4755311113,-8.436793397,-18.808643853
0.52196058112,4.4915009525,-1.5461720531,-8.8326137927,-18.590090482
0.52339961206,4.4573975809,-1.6159689594,-9.2221104424,-18.361806285
0.52484430338,4.4216924987,-1.6851547318,-9.6065097299,-18.123032395
0.5262889947,4.3845426283,-1.7534170733,-9.9840039521,-17.874852928
0.52773368602,4.3459746437,-1.8207207162,-10.354337005,-17.617480683
0.52917837734,4.3060161763,-1.8870312138,-10.717259859,-17.351135773
0.53064041605,4.2641914726,-1.9530924995,-11.076749291,-17.072690003
0.53210245476,4.2210024958,-2.0180683223,-11.428159191,-16.785530051
0.53356449347,4.1764807063,-2.0819257151,-11.771254922,-16.489905308
0.53502653218,4.1306584494,-2.1446326804,-12.105810132,-16.18607172
0.53652123114,4.0825027893,-2.2075188991,-12.438783208,-15.867238016
0.5380159301,4.0330589747,-2.2691382871,-12.762378745,-15.540385347
0.53951062907,3.9823642216,-2.329459954,-13.076382906,-15.205806487
0.54100532803,3.9304565655,-2.3884541691,-13.380591657,-14.863800025
0.54256011989,3.8752167365,-2.4483809235,-13.68642817,-14.50048904
0.54411491176,3.8187510695,-2.5068097093,-13.981249026,-14.129818386
0.54566970362,3.7611049242,-2.5637112091,-14.264859367,-13.752141689
0.54722449549,3.7023244308,-2.6190575593,-14.537076455,-13.367817681
0.54892928496,3.6366249485,-2.6779247143,-14.822258593,-12.939207322
0.55063407443,3.5696807241,-2.7348577558,-15.09333069,-12.503527098
0.5523388639,3.5015553311,-2.7898261405,-15.350103038,-12.061267234
0.55404365337,3.4323131513,-2.8428015298,-15.592404015,-11.612922637
0.55577179009,3.3610496247,-2.8944415295,-15.82309603,-11.152739185
0.55749992681,3.2887739296,-2.9439818871,-16.03861917,-10.687339038
0.55922806353,3.2155551592,-2.9914001293,-16.238851915,-10.217247991
0.56095620026,3.141462914,-3.0366761727,-16.423691975,-9.7429938013
0.56256568586,3.0717336824,-3.0769014277,-16.58192418,-9.2980218506
0.56417517146,3.0013643731,-3.1152407668,-16.726680325,-8.8503254613
0.56578465706,2.9304120054,-3.1516835826,-16.857922488,-8.4003322476
0.56739414266,2.8589337289,-3.1862210732,-16.975626962,-7.9484691961
0.56894506139,2.7896123751,-3.2176926481,-17.07623153,-7.5116778439
0.57049598011,2.7199070377,-3.2473838447,-17.164260441,-7.0739254204
0.57204689884,2.6498688861,-3.2752915197,-17.239729326,-6.6355898067
0.57359781757,2.579549002,-3.3014140641,-17.302665619,-6.1970467265
0.57512283025,2.5101784099,-3.3253595265,-17.352368187,-5.7659885343
0.57664784293,2.4406329476,-3.3475802595,-17.390039151,-5.3354426965
0.57817285561,2.3709606655,-3.3680790136,-17.41573712,-4.9057582327
0.57969786829,2.3012093582,-3.3868599294,-17.429531136,-4.4772807953
0.58121361438,2.2318505559,-3.4038299674,-17.431524075,-4.0529412099
0.58272936046,2.162506921,-3.4191151815,-17.421923362,-3.630463773
0.58424510655,2.0932243921,-3.4327236338,-17.400826358,-3.2101761795
0.58576085263,2.0240485014,-3.4446646817,-17.36833987,-2.7924016698
0.58727922257,1.9549050126,-3.4549653334,-17.324494507,-2.3767431221
0.58879759252,1.8859586222,-3.4636154313,-17.269462416,-1.9642411799
0.59031596246,1.8172536521,-3.4706281759,-17.203378209,-1.555205732
0.5918343324,1.7488338701,-3.4760179916,-17.126385143,-1.1499411567
0.59336587144,1.6801534509,-3.4798263304,-17.037827244,-0.74528512984
0.59489741049,1.6118507977,-3.4820166212,-16.938488884,-0.34506985325
0.59642894953,1.5439689073,-3.4826073095,-16.828542358,0.050410746332
0.59796048857,1.4765500678,-3.4816180096,-16.708167914,0.44086934768
0.59951644676,1.4085732461,-3.4790163337,-16.575389086,0.83212197808
0.60107240495,1.3411599971,-3.474828256,-16.432246118,1.2176148966
0.60262836314,1.2743522205,-3.4690778735,-16.278951543,1.5970689936
0.60418432133,1.2081909329,-3.4617904075,-16.115725218,1.9702129831
0.60577930365,1.1410832736,-3.452752324,-15.938334106,2.345890585
0.60737428598,1.0747392512,-3.4421562448,-15.750996994,2.7143862243
0.6089692683,1.0091999686,-3.4300327982,-15.553972664,3.0754343524
0.61056425062,0.94450543108,-3.4164137046,-15.347526635,3.4287787344
0.6122234757,0.87814339612,-3.4006940992,-15.123059313,3.7879143858
0.61388270078,0.8127800437,-3.383429476,-14.889003419,4.1381793821
0.61554192585,0.74845644267,-3.3646590306,-14.64567864,4.4793182587
0.61720115093,0.68521225588,-3.3444230464,-14.393410895,4.8110870214
0.61899914673,0.61794152328,-3.3208880638,-14.11033346,5.1597557198
0.62079714253,0.55202989778,-3.2957345809,-13.817573557,5.4968683902
0.62259513833,0.48752205159,-3.2690177674,-13.515567244,5.8221609468
0.62439313413,0.42446058418,-3.2407940011,-13.204756777,6.1353855788
0.62619072383,0.36289973252,-3.2111276575,-12.885663036,6.4362442475
0.62798831354,0.30286343708,-3.1800710587,-12.558669353,6.7245941188
0.62978590324,0.24438789893,-3.1476837031,-12.224232615,7.0002366212
0.63158349295,0.18750715426,-3.1140259878,-11.882813493,7.2629895553
0.63341127347,0.13133911969,-3.0785635721,-11.528979251,7.5167684285
0.635239054,0.076883986269,-3.0419162151,-11.168896219,7.756892658
0.63706683452,0.024170554517,-3.0041497713,-10.803057022,7.9832225388
0.63889461504,-0.026774742492,-2.9653307244,-10.431955879,8.1956356316
0.6406416793,-0.073795336139,-2.9273037879,-10.072780474,8.3855627711
0.64238874355,-0.11915953446,-2.8884353446,-9.7096829848,8.5626014618
0.64413580781,-0.16285034262,-2.8487846512,-9.3430961783,8.7266884133
0.64588287206,-0.20485274932,-2.8084112227,-8.9734522924,8.8777743053
0.64758440384,-0.24412507873,-2.7684521917,-8.6109145662,9.012391443
0.64928593561,-0.28177326164,-2.7279195341,-8.2462833626,9.1346223565
0.65098746738,-0.31778883115,-2.6868685954,-7.8799542617,9.2444589001
0.65268899915,-0.35216508288,-2.6453547306,-7.5123208976,9.3419049401
0.65437293519,-0.38456700768,-2.6038686676,-7.1475891692,9.4261597162
0.65605687124,-0.41535537469,-2.5620369042,-6.7823401701,9.4983208325
0.65774080729,-0.44452872463,-2.519912819,-6.4169478989,9.5584258373
0.65942474333,-0.47208724456,-2.4775496007,-6.0517832466,9.6065231481
0.6611050089,-0.49797795317,-2.435093113,-5.6880074726,9.6426060376
0.66278527447,-0.52226608842,-2.3925035835,-5.3251857201,9.6668615452
0.66446554004,-0.54495664773,-2.3498330078,-4.9636755424,9.6793690474
0.66614580561,-0.56605619646,-2.3071330089,-4.6038303337,9.6802179548
0.66783185394,-0.58563729607,-2.2643080127,-4.2447714707,9.6694508329
0.66951790228,-0.60363433561,-2.2215562292,-3.8880883833,9.6471547288
0.67120395062,-0.62005859032,-2.1789284227,-3.5341240304,9.6134492359
0.67288999895,-0.63492284189,-2.1364748078,-3.1832162041,9.5684632983
0.67458939005,-0.64834063116,-2.0939118437,-2.8329615847,9.5118467836
0.67628878115,-0.66020423226,-2.051626418,-2.4864843875,9.4440614531
0.67798817224,-0.67053123066,-2.0096680009,-2.1441132503,9.365266839
0.67968756334,-0.67934066415,-1.9680853316,-1.8061706372,9.2756312206
0.68140707559,-0.68673069496,-1.9264417798,-1.4690571972,9.1740806928
0.68312658784,-0.69261062008,-1.885280894,-1.1371220527,9.0618037577
0.68484610009,-0.69700452279,-1.8446506414,-0.81067879836,8.9390006258
0.68656561234,-0.69993788561,-1.8045980669,-0.49003381136,8.805879689
0.68831192877,-0.70144973662,-1.7645598122,-0.17063267293,8.6603459248
0.69005824519,-0.70151239011,-1.7252121485,0.14217439995,8.5046280572
0.69180456162,-0.70015675728,-1.6866012075,0.44809036218,8.338968687
0.69355087805,-0.6974150919,-1.6487719909,0.74682650581,8.1636180399
0.69533122454,-0.69322796946,-1.6110557452,1.0437026915,7.9751409175
0.69711157103,-0.68767206953,-1.574242721,1.3325375592,7.7771394246
0.69889191752,-0.68078562579,-1.5383767596,1.6130528548,7.5699014214
0.700672264,-0.67260814997,-1.5035003405,1.8849799071,7.3537218221
0.70249532297,-0.66293919507,-1.4688555447,2.1542605622,7.1234050663
0.70431838193,-0.6520042915,-1.4353339849,2.4139970596,6.8843598526
0.7061414409,-0.63984973045,-1.402976626,2.6639329479,6.6369238836
0.70796449986,-0.62652300397,-1.3718228011,2.9038228106,6.3814413071
0.70984228533,-0.61162212079,-1.3410318055,3.1401637298,6.1102467561
0.71172007079,-0.59558362565,-1.3115969403,3.3653543744,5.8312761217
0.71359785626,-0.57846305359,-1.2835555632,3.5791639502,5.5449247341
0.71547564172,-0.56031704565,-1.2569430692,3.7813745079,5.2515936958
0.71742893797,-0.54041526531,-1.2308125442,3.9791881242,4.9394979505
0.71938223421,-0.51953240154,-1.2062995473,4.1640135375,4.6207531975
0.72133553045,-0.49773556957,-1.183436971,4.3356502434,4.2958282055
0.7232888267,-0.47509287331,-1.1622552913,4.4939131261,3.9651967553
0.72537131233,-0.45009868501,-1.1415555196,4.6477228107,3.6069511323
0.72745379796,-0.42430618034,-1.122829069,4.7859522745,3.2433479537
0.72953628359,-0.39780099031,-1.1061036171,4.9084354514,2.8749768277
0.73161876922,-0.37066959865,-1.0914036067,5.0150264379,2.5024315324
0.7338852364,-0.34053166733,-1.0777313551,5.1128276438,2.0929282951
0.73615170358,-0.30986864298,-1.0665061812,5.191521247,1.6799626003
0.73841817076,-0.2787945332,-1.0577463734,5.2510008918,1.2643118884
0.74068463794,-0.24742389371,-1.0514655871,5.2911886714,0.84675606844
0.74276746484,-0.21843220649,-1.0478873776,5.3110668116,0.46202337243
0.74485029175,-0.18937653661,-1.0464139282,5.3145934082,0.076948970267
0.74693311865,-0.16034628399,-1.0470454475,5.301771532,-0.30786006768
0.74901594556,-0.13143077644,-1.0497788264,5.2726244934,-0.69179726388
0.75099645499,-0.10412349266,-1.0543216245,5.2298068473,-1.0555128377
0.75297696443,-0.077076973606,-1.060750772,5.1723221033,-1.4173737182
0.75495747386,-0.05036729318,-1.0690552815,5.1002410338,-1.7768627215
0.7569379833,-0.024070114706,-1.0792214824,5.0136508097,-2.1334649208
0.75885627893,0.00093679861816,-1.0908278232,4.9160455396,-2.4756296677
0.76077457457,0.025418399734,-1.1041481865,4.8050340336,-2.8141428122
0.7626928702,0.049307485544,-1.119163026,4.6807392112,-3.1485447821
0.76461116584,0.072537507735,-1.1358504902,4.543298213,-3.4783794849
0.76648222155,0.094497649682,-1.1537153043,4.3967217592,-3.7952595905
0.76835327727,0.11570780794,-1.1731239416,4.2379358288,-4.1069485067
0.77022433298,0.13610841855,-1.1940498928,4.067106406,-4.4130345873
0.77209538869,0.15564076377,-1.2164646378,3.8844120822,-4.713110657
0.77392707711,0.17386547609,-1.2398205732,3.6942523819,-5.0006643376
0.77575876553,0.19114932366,-1.2645436311,3.4930958053,-5.2816998198
0.77759045395,0.20743991371,-1.2906015849,3.2811445682,-5.5558493657
0.77942214237,0.2226858529,-1.3179604523,3.0586121513,-5.8227505475
0.78121972951,0.23658364553,-1.346040279,2.830152209,-6.0772907124
0.78301731665,0.24938028471,-1.3753032905,2.5919404702,-6.3241744578
0.78481490379,0.26103030103,-1.4057125871,2.3442098312,-6.5630758241
0.78661249093,0.27148934783,-1.4372297457,2.0872032706,-6.793674892
0.78838031603,0.2805717868,-1.4692668718,1.8256503711,-7.0120545488
0.79014814113,0.28842067896,-1.5022975212,1.5556207117,-7.2218091375
0.79191596623,0.29499728561,-1.5362810036,1.2773733228,-7.4226530389
0.79368379132,0.30026409101,-1.5711753191,0.99117624279,-7.6143073295
0.79542602696,0.30413785539,-1.6064135505,0.70161359338,-7.7939315132
0.79716826261,0.30667078589,-1.6424517906,0.40487209797,-7.964112537
0.79891049825,0.30783069223,-1.6792462861,0.10123329888,-8.1246039964
0.80065273389,0.30758669008,-1.7167521736,-0.20901325169,-8.2751667928
0.80237380409,0.305938328,-1.7544559816,-0.52168778735,-8.4139255551
0.80409487429,0.30286396645,-1.792763885,-0.84022613017,-8.5425536885
0.80581594449,0.29833779239,-1.8316296428,-1.1643269386,-8.6608431241
0.80753701469,0.29233537018,-1.8710060917,-1.4936818036,-8.7685936914
0.80924192668,0.28491114003,-1.9104691506,-1.8248149129,-8.8647529458
0.81094683867,0.27599465728,-1.9503386707,-2.1604813948,-8.9502032159
0.81265175067,0.26556634618,-1.990566341,-2.5003618646,-9.0247742028
0.81435666266,0.25360807417,-2.0311031073,-2.8441307767,-9.0883041133
0.81605143584,0.2401880904,-2.0716559329,-3.1893812515,-9.140362011
0.81774620902,0.22522491803,-2.1124154874,-3.5378151174,-9.1812168897
0.8194409822,0.20870514255,-2.1533316328,-3.8890955827,-9.2107361216
0.82113575538,0.19061685953,-2.1943536616,-4.2428805866,-9.228796247
0.82282821906,0.17097757531,-2.2353743448,-4.5983366321,-9.2352822545
0.82452068274,0.14975492791,-2.2763980093,-4.955593653,-9.2301224948
0.82621314642,0.12694170386,-2.3173727034,-5.3142965169,-9.2132226422
0.8279056101,0.1025322772,-2.3582460781,-5.6740857229,-9.1844983179
0.8296073535,0.0763756009,-2.3991881699,-6.0365756157,-9.143619621
0.83130909691,0.048598675274,-2.4399206551,-6.3994225302,-9.0906464536
0.83301084031,0.019200747444,-2.480389382,-6.7622491694,-9.0255246781
0.83471258371,-0.011817242369,-2.5205399819,-7.1246748128,-8.9482111251
0.83644666963,-0.045088536137,-2.5610699497,-7.493178635,-8.8568535474
0.83818075554,-0.080034663037,-2.6011551142,-7.8604582319,-8.7527813887
0.83991484146,-0.11664911323,-2.6407375737,-8.2261016749,-8.6359853296
0.84164892737,-0.15492349632,-2.6797594126,-8.5896946524,-8.5064686698
0.84353289314,-0.19837530003,-2.7214510919,-8.9819040626,-8.3513594581
0.8454168589,-0.24375848571,-2.7623386643,-9.3706656399,-8.1812929238
0.84730082466,-0.29105467236,-2.8023482927,-9.7554415742,-7.9963254267
0.84918479042,-0.34024281643,-2.8414064648,-10.135692923,-7.7965318953
0.85095342132,-0.38812036779,-2.8771424831,-10.488067054,-7.5955604785
0.85272205221,-0.43762268897,-2.9119154698,-10.835531863,-7.3816979145
0.8544906831,-0.48872595224,-2.9456658207,-11.177641656,-7.1550518594
0.85625931399,-0.54140426302,-2.9783344665,-11.513951786,-6.9157449759
0.85812919912,-0.59878028121,-3.0116322355,-11.862717399,-6.6491218591
0.85999908424,-0.65785004799,-3.043587274,-12.203983795,-6.3686822182
0.86186896937,-0.71857548096,-3.07413225,-12.537233103,-6.0746264607
0.86373885449,-0.78091596543,-3.1032008621,-12.861951408,-5.7671741636
0.86543246326,-0.83873738264,-3.1282004727,-13.148269718,-5.4773432997
0.86712607203,-0.89781454334,-3.1518878976,-13.426797197,-5.1769093733
0.8688196808,-0.95811198624,-3.174216448,-13.697163361,-4.8660763931
0.87051328956,-1.0195926131,-3.195140371,-13.959002274,-4.545061301
0.8721236824,-1.0791144774,-3.2136925428,-14.19973723,-4.2305849699
0.87373407523,-1.1396364958,-3.2308966445,-14.432130196,-3.9073186532
0.87534446806,-1.2011227665,-3.2467159779,-14.65588032,-3.5754811869
0.8769548609,-1.2635361269,-3.2611147919,-14.870691971,-3.2353017958
0.87851607716,-1.3248923472,-3.273684938,-15.07013658,-2.897773036
0.88007729342,-1.3870477335,-3.2848565718,-15.26064872,-2.5528565691
0.88163850968,-1.4499651578,-3.2945998988,-15.441975091,-2.2007887581
0.88319972594,-1.513606466,-3.3028861115,-15.613868319,-1.8418147978
0.88472902232,-1.5766107282,-3.3095634139,-15.772869051,-1.4837289222
0.8862583187,-1.6402342962,-3.3147907763,-15.922366498,-1.1195066833
0.88778761507,-1.7044385877,-3.3185440735,-16.062146508,-0.74940251012
0.88931691145,-1.7691841742,-3.320800217,-16.192001572,-0.37367847424
0.8908265861,-1.8335906537,-3.3215374376,-16.310259845,0.0024737233045
0.89233626075,-1.8984459288,-3.3207740743,-16.418464669,0.38357346497
0.8938459354,-1.9637098018,-3.3184910601,-16.516437135,0.76934761798
0.89535561005,-2.0293413806,-3.3146704234,-16.604005732,1.1595164227
0.89685649552,-2.0949142437,-3.3093311351,-16.680589189,1.5514868877
0.89835738099,-2.1607680096,-3.3024399829,-16.746574335,1.9472307248
0.89985826646,-2.2268606339,-3.2939826767,-16.80181592,2.3464546751
0.90135915192,-2.2931495164,-3.2839460929,-16.846176926,2.7488597883
0.90286277995,-2.3597130539,-3.2722955846,-16.879579582,3.1548846429
0.90436640798,-2.4263864282,-3.2590372579,-16.901812323,3.5634853644
0.90587003601,-2.4931253285,-3.2441615692,-16.912763663,3.9743455596
0.90737366403,-2.5598850221,-3.227660233,-16.912331339,4.3871440613
0.90889529674,-2.6274191566,-3.2092991835,-16.900210034,4.8065258318
0.91041692944,-2.6948812542,-3.18926023,-16.876249612,5.2272171091
0.91193856214,-2.7622238718,-3.1675388323,-16.840374276,5.6488718352
0.91346019484,-2.829399284,-3.1441318399,-16.792518768,6.0711401349
0.91502858158,-2.8984130366,-3.1182397253,-16.730597284,6.5066516335
0.91659696833,-2.9671454455,-3.0905546572,-16.655842652,6.942049047
0.91816535507,-3.0355436005,-3.0610779151,-16.568219838,7.3769387593
0.91973374182,-3.1035544732,-3.0298124046,-16.467706522,7.8109244079
0.9214522296,-3.1775667045,-2.9935063352,-16.342762804,8.2849338382
0.92317071738,-3.2509803682,-2.955066458,-16.202337666,8.7568520776
0.92488920516,-3.3237256768,-2.9145033999,-16.046455729,9.2261500815
0.92660769294,-3.3957329972,-2.8718301769,-15.875160841,9.692297507
0.92838169335,-3.4692186733,-2.8255813189,-15.682231968,10.169635135
0.93015569376,-3.5417679871,-2.7771198298,-15.473037193,10.64246565
0.93192969417,-3.6133054501,-2.7264680559,-15.247690237,11.110206329
0.93370369457,-3.6837561558,-2.6736510526,-15.006327217,11.572276453
0.93525198103,-3.7442968516,-2.6258063264,-14.782708398,11.970468798
0.93680026749,-3.8039043316,-2.5763535246,-14.547129647,12.363519728
0.93834855395,-3.862530253,-2.5253143146,-14.299723357,12.751050168
0.93989684041,-3.9201268374,-2.4727118983,-14.040634886,13.132684217
0.94137829809,-3.9742301982,-2.4209393074,-13.781938684,13.491982093
0.94285975576,-4.0273072326,-2.3677811173,-13.512841512,13.845218138
0.94434121344,-4.0793178019,-2.3132615225,-13.233503722,14.192073624
0.94582267112,-4.1302224114,-2.2574059489,-12.944096264,14.532234044
0.94726721879,-4.1787567112,-2.2016809664,-12.652376036,14.857176553
0.94871176646,-4.22616725,-2.1447368669,-12.351431859,15.175175973
0.95015631412,-4.2724194034,-2.0866005067,-12.041450706,15.485954386
0.95160086179,-4.3174792728,-2.0272997862,-11.722628675,15.789239036
0.95302494387,-4.360701403,-1.9677276506,-11.39986943,16.080631225
0.95444902596,-4.402701588,-1.9070806908,-11.068922225,16.364230135
0.95587310804,-4.4434496154,-1.845388499,-10.730000109,16.639791005
0.95729719012,-4.4829160843,-1.7826815712,-10.383324134,16.907075147
0.95871311919,-4.5208577653,-1.719358657,-10.03117199,17.164393346
0.96012904826,-4.5574770616,-1.6550952932,-9.671813224,17.413077734
0.96154497734,-4.592747631,-1.589923972,-9.3054875226,17.652913203
0.96296090641,-4.6266440353,-1.5238779719,-8.9324416113,17.883691657
0.9643801673,-4.6592165665,-1.4568329786,-8.5520286,18.10572243
0.96579942818,-4.6903601118,-1.3889784069,-8.165380478,18.318257012
0.96721868907,-4.7200519402,-1.3203499856,-7.7727656394,18.521108533
0.96863794996,-4.7482703323,-1.2509841251,-7.3744586332,18.714098171
0.97007375272,-4.7752971918,-1.1800972674,-6.9660036903,18.899127976
0.97150955547,-4.8007745785,-1.1085326336,-6.5523064036,19.073722356
0.97294535823,-4.8246833012,-1.0363298565,-6.1336685788,19.237722663
0.97438116099,-4.8470053165,-0.96352914896,-5.7103973063,19.390979551
0.97585311141,-4.868224519,-0.88831758694,-5.271986608,19.536795945
0.97732506184,-4.8877414899,-0.81256492206,-4.8293755597,19.671034085
0.97879701227,-4.9055406669,-0.73631614405,-4.382910216,19.793564739
0.9802689627,-4.9216078334,-0.6596167206,-3.93294101,19.904269737
0.98182352743,-4.9366820293,-0.57817397211,-3.4543046866,20.00823014
0.98337809217,-4.9497965369,-0.49633433053,-2.9725774276,20.098768791
0.9849326569,-4.9609396107,-0.41415277037,-2.4881850217,20.175787804
0.98648722164,-4.9701012497,-0.33168463607,-2.0015566624,20.239203766
0.98832625624,-4.9783697103,-0.23383188969,-1.423585137,20.296566215
0.99016529084,-4.9838433143,-0.1357485897,-0.84380874181,20.334708695
0.99200432544,-4.9865150926,-0.037527669733,-0.2629500943,20.353572875
0.99384336003,-4.9863815688,0.060737725295,0.31826622963,20.353129542
0.99538252003,-4.9841132868,0.14294629619,0.8044565724,20.337915865
0.99692168002,-4.9798818379,0.22506609693,1.2899644427,20.309193088
0.99846084001,-4.9736908367,0.30704260324,1.7743657916,20.266991213
1.0,-4.965545608,0.38882144087,2.257237945,20.211354498
