0.0,-3.4447455879,2.603026658,5.5265016205,17.243566142
0.0015723958552,-3.4210113477,2.67411087,5.9728251434,17.194609546
0.0031447917105,-3.3954341163,2.7449659857,6.4193650839,17.132561919
0.0047171875657,-3.3680138323,2.8155378797,6.8657180044,17.057382744
0.006289583421,-3.3387521056,2.8857722863,7.3114777275,16.969044618
0.0080079670814,-3.3046716935,2.9620775225,7.7974636199,16.857440257
0.0097263507419,-3.268402598,3.037843794,8.2817174722,16.73010334
0.011444734402,-3.2299538449,3.1130001669,8.7637017747,16.587053142
0.013163118063,-3.1893368873,3.1874758387,9.2428778601,16.42832846
0.014845504585,-3.147483579,3.2596640026,9.7087767893,16.257799522
0.016527891107,-3.1035805442,3.331066061,10.170961515,16.072375119
0.018210277629,-3.057645302,3.4016164231,10.628927479,15.872146722
0.019892664152,-3.0096975963,3.4712499422,11.082171848,15.657224083
0.021427809246,-2.9642088295,3.5339344301,11.491204731,15.448397996
0.02296295434,-2.9170809887,3.595753056,11.895511644,15.227554141
0.024498099434,-2.8683338774,3.6566576321,12.294717301,14.994815719
0.026033244528,-2.817988805,3.7166004927,12.688449512,14.75031852
0.027509048753,-2.7681045226,3.7732757619,13.061458736,14.504324489
0.028984852978,-2.7167860438,3.8289773968,13.428744653,14.247742801
0.030460657202,-2.664056164,3.8836646715,13.789987001,13.980726609
0.031936461427,-2.6099389113,3.9372974738,14.144869675,13.703439508
0.033379228052,-2.5557162187,3.9886724499,14.485361177,13.422598035
0.034821994677,-2.5002163923,4.0389656902,14.819190113,13.132278494
0.036264761301,-2.4434652024,4.0881416366,15.146074682,12.832662007
0.037707527926,-2.3854894766,4.136165434,15.465738197,12.523938748
0.039132618422,-2.3270491615,4.1824364421,15.774131205,12.210252345
0.040557708918,-2.2674691474,4.2275179252,16.074958405,11.888075393
0.041982799413,-2.2067782088,4.2713785065,16.367969645,11.557616257
0.043407889909,-2.1450060449,4.3139876036,16.652920813,11.219091277
0.044827170946,-2.0824414491,4.355149621,16.928463461,10.87415218
0.046246451982,-2.018865873,4.3950122607,17.195547307,10.521664066
0.047665733019,-1.9543112483,4.4335478338,17.453950685,10.161863071
0.049085014056,-1.8888103194,4.4707295444,17.703458919,9.7949923726
0.050509803778,-1.8221371126,4.5066677517,17.944779651,9.419838621
0.0519345935,-1.7545787304,4.5411902624,18.17672469,9.0380717613
0.053359383222,-1.6861706072,4.5742728371,18.399099574,8.6499578316
0.054784172944,-1.6169488899,4.6058922428,18.611717892,8.2557690528
0.056227733381,-1.5460232061,4.6364132622,18.817004633,7.8504766013
0.057671293818,-1.4743391458,4.6653875206,19.011916741,7.4395289338
0.059114854255,-1.4019363448,4.6927941553,19.196286935,7.0232268776
0.060558414692,-1.3288550551,4.7186134538,19.369957266,6.6018765942
0.062040801163,-1.2531449445,4.7434557754,19.537007428,6.1642667516
0.063523187634,-1.1768072376,4.7665859009,19.692467824,5.7220038075
0.065005574105,-1.0998873105,4.7879863963,19.836199327,5.2754347162
0.066487960576,-1.0224310592,4.8076411864,19.968073941,4.8249108861
0.068057363007,-0.93989519559,4.8265309781,20.094638774,4.3440266303
0.069626765437,-0.8568657371,4.8434318975,20.207658645,3.8595345349
0.071196167867,-0.77339871988,4.8583299658,20.307023558,3.3718649377
0.072765570298,-0.68955060299,4.8712129846,20.392638188,2.8814516975
0.074605474163,-0.59084171167,4.8837366569,20.475392201,2.3036057375
0.076445378028,-0.49177922643,4.893462961,20.539033683,1.7232974904
0.078285281893,-0.39245565405,4.900381721,20.583487221,1.1412383014
0.080125185759,-0.29296379704,4.9044862021,20.608705791,0.55814160924
0.081675095418,-0.20909099361,4.9057573624,20.615008728,0.066669137412
0.083225005077,-0.12522033785,4.905029014,20.607653114,-0.42460575467
0.084774914736,-0.041407369889,4.9023028278,20.586657772,-0.91525695964
0.086324824395,0.042292475684,4.8975822063,20.552055755,-1.4048596137
0.087806730638,0.12216320621,4.8912083195,20.506291028,-1.8716101097
0.089288636881,0.2018318642,4.8830218001,20.448183817,-2.3366473025
0.090770543124,0.28125055666,4.8730300253,20.377799088,-2.7996056231
0.092252449367,0.36037166583,4.8612417891,20.295213367,-3.2601222162
0.093701176235,0.43738823174,4.8479906883,20.202766774,-3.7076224616
0.095149903103,0.51403132484,4.8330432317,20.098836114,-4.1521123308
0.096598629971,0.59025746154,4.8164114956,19.983524218,-4.5932624826
0.098047356839,0.66602356849,4.7981088015,19.856943967,-5.0307474568
0.099480668494,0.74048896858,4.7783707421,19.720741828,-5.4596554233
0.10091398015,0.8144215364,4.7570265999,19.573758293,-5.8843545625
0.1023472918,0.88778096031,4.734092781,19.416130759,-6.3045427864
0.10378060346,0.96052746254,4.7095868194,19.248005582,-6.7199229444
0.10521113064,1.0324824306,4.6835794773,19.069894528,-7.1294111713
0.10664165782,1.1037494063,4.6560442819,18.881643852,-7.53353439
0.10807218499,1.17429063,4.6270019065,18.683424573,-7.9320135506
0.10950271217,1.2440689992,4.5964740613,18.475415781,-8.3245755784
0.11094171137,1.31345416,4.5642897037,18.256487447,-8.7132229108
0.11238071057,1.3819942184,4.5306493691,18.028040552,-9.0953477394
0.11381970978,1.4496536027,4.4955781869,17.790280691,-9.4706918843
0.11525870898,1.5163975315,4.4591022483,17.543420752,-9.8390042363
0.11671846386,1.5831339295,4.4206926489,17.28392809,-10.20519404
0.11817821875,1.6488587533,4.3808944617,17.015533979,-10.563650164
0.11963797364,1.713538356,4.3397377827,16.738481959,-10.914134083
0.12109772853,1.7771400362,4.2972536059,16.453022131,-11.256415603
0.12259507147,1.8412262733,4.2523296617,16.151745188,-11.598756532
0.1240924144,1.9041118179,4.2060778007,15.842174848,-11.932004197
0.12558975734,1.9657646368,4.158534202,15.524600508,-12.255938605
0.12708710028,2.0261538462,4.1097358901,15.199317431,-12.570349713
0.12865697118,2.0880788658,4.0572678406,14.850328772,-12.889545732
0.13022684207,2.1485494113,4.0035066815,14.493549877,-13.197835446
0.13179671297,2.207534114,3.9484977882,14.129339138,-13.495013
0.13336658386,2.2650030931,3.892287358,13.758060207,-13.780885171
0.1352126308,2.3306046832,3.8247146961,13.312921407,-14.102341452
0.13705867773,2.3940277406,3.7556231798,12.859125184,-14.407644968
0.13890472467,2.4552317943,3.6850916932,12.39728537,-14.6965497
0.1407507716,2.5141793628,3.6132002526,11.928021921,-14.968834443
0.14248542325,2.5674827132,3.5444799458,11.480867992,-15.209367262
0.14422007491,2.618737079,3.4746983573,11.028233112,-15.434908963
0.14595472656,2.6679186938,3.4039240408,10.570641499,-15.645336096
0.14768937821,2.7150061818,3.3322260682,10.108618996,-15.840544544
0.14928390465,2.7564263956,3.2655647655,9.6804623879,-16.00648659
0.1508784311,2.7960481298,3.1982359793,9.2494162423,-16.15944583
0.15247295755,2.8338601447,3.1302941388,8.8158894639,-16.299384196
0.15406748399,2.8698529106,3.0617938043,8.3802901389,-16.426277081
0.15561472381,2.9030317498,2.9948427088,7.9560126024,-16.536925225
0.15716196362,2.9344846497,2.9274671388,7.5305368699,-16.635281096
0.15870920343,2.9642074917,2.8597169999,7.1042311856,-16.721357849
0.16025644324,2.9921976483,2.7916421213,6.6774615307,-16.795180055
0.16178406886,3.0181319763,2.7241601924,6.2560018105,-16.856078902
0.16331169449,3.042376455,2.6564578449,5.8347909484,-16.90511196
0.16483932011,3.0649327724,2.5885825564,5.4141726875,-16.942334701
0.16636694574,3.0858039881,2.5205815615,4.9944873259,-16.967812787
0.16789012876,3.1049411422,2.4526998712,4.5772861028,-16.981598582
0.16941331178,3.1224130812,2.3847861117,4.161676637,-16.983867916
0.17093649481,3.1382268216,2.3168861481,3.7479843014,-16.974715016
0.17245967783,3.1523906718,2.2490454499,3.3365299425,-16.9542434
0.17398980561,3.1649675744,2.1810005292,2.925771642,-16.92239577
0.17551993338,3.1759001688,2.11310605,2.5179060524,-16.879362788
0.17705006116,3.1852006986,2.0454066805,2.1132431087,-16.825276389
0.17858018894,3.1928826412,1.9779465417,1.7120871545,-16.760277064
0.18012777989,3.199020858,1.9100042868,1.310224923,-16.683587426
0.18167537084,3.2035347947,1.8423957058,0.91255819253,-16.596048962
0.18322296179,3.2064420999,1.7751645308,0.51938305314,-16.497832199
0.18477055274,3.2077616114,1.7083537852,0.13098888425,-16.389115568
0.18634727854,3.2074937557,1.6407613968,-0.25950803216,-16.267746624
0.18792400434,3.2056208878,1.5736932009,-0.64445787316,-16.13587659
0.18950073014,3.2021665571,1.5071922273,-1.0235772663,-15.993717727
0.19107745594,3.1971554691,1.4413006117,-1.3965908149,-15.841489613
0.19269922455,3.1904043403,1.3742057682,-1.7736089487,-15.674646634
0.19432099315,3.1820628837,1.3078429904,-2.1436029838,-15.497644656
0.19594276175,3.1721615864,1.2422549765,-2.5063006552,-15.310744784
0.19756453036,3.1607320744,1.1774832988,-2.8614392581,-15.114214914
0.19926221242,3.1471659884,1.1105982307,-3.2248282917,-14.898467537
0.20095989448,3.1319999228,1.0446969714,-3.5793781114,-14.67279003
0.20265757654,3.1152738698,0.97982304699,-3.9248218848,-14.437511032
0.2043552586,3.0970289845,0.91601850491,-4.2609047806,-14.192965577
0.20627903957,3.0745719047,0.84506002399,-4.6301276827,-13.905082213
0.20820282054,3.0502819379,0.77558336351,-4.9866846386,-13.606242617
0.21012660151,3.024223851,0.70764256369,-5.330261518,-13.296959756
0.21205038247,2.996463946,0.64128905519,-5.6605644478,-12.977754075
0.21385363997,2.9689581538,0.58057719852,-5.9578780546,-12.670005184
0.21565689747,2.9400734625,0.52134091183,-6.2430791938,-12.354439879
0.21746015496,2.9098676741,0.46361615086,-6.5159744708,-12.03150101
0.21926341246,2.8783994694,0.4074367667,-6.7763861532,-11.701634871
0.22112044663,2.8447361735,0.35123067523,-7.0313452559,-11.35516547
0.22297748079,2.80986292,0.29672944123,-7.2727334612,-11.002319175
0.22483451496,2.7738462209,0.24396294646,-7.5004083849,-10.64359127
0.22669154913,2.7367532403,0.19295865443,-7.7142449508,-10.279478519
0.22846199407,2.7004497338,0.14599642142,-7.9051262115,-9.9277856615
0.23023243901,2.6632886485,0.10067830618,-8.0832523062,-9.5720823584
0.23200288394,2.6253294233,0.057021946178,-8.2485581337,-9.2127999943
0.23377332888,2.5866317676,0.015042975215,-8.4009924167,-8.8503693752
0.2355022553,2.5481863249,-0.02431963954,-8.5373936022,-8.4938113097
0.23723118171,2.5091497572,-0.062058746459,-8.6614614168,-8.1350598661
0.23896010813,2.4695780705,-0.098165292294,-8.7731854522,-7.7745124292
0.24068903455,2.4295272911,-0.13263202305,-8.8725672998,-7.41256443
0.24240218162,2.3894245517,-0.16516137643,-8.9588815781,-7.0529249964
0.24411532869,2.3489607949,-0.196071751,-9.0331154927,-6.6926764629
0.24582847576,2.3081902745,-0.22536125615,-9.0953045016,-6.3321959858
0.24754162283,2.26716706,-0.25302969055,-9.1454949757,-5.9718576285
0.24925171277,2.2260186984,-0.27903348532,-9.1836863774,-5.6126735391
0.25096180272,2.1847254658,-0.30342657443,-9.2100462491,-5.2543655611
0.25267189266,2.1433403073,-0.32621370285,-9.2246521789,-4.897294909
0.25438198261,2.1019157968,-0.34740122793,-9.2275918606,-4.5418186712
0.25609743614,2.0603742849,-0.36705606878,-9.2189177635,-4.1871841922
0.25781288968,2.0188978505,-0.38511887743,-9.1987107329,-3.8348605047
0.25952834321,1.9775381687,-0.40160084194,-9.1670887631,-3.4851941119
0.26124379675,1.9363463622,-0.41651469933,-9.124179282,-3.1385264055
0.26297108847,1.895091083,-0.42996154746,-9.0697074862,-2.7928365139
0.2646983802,1.8541081663,-0.44184913411,-9.0040791819,-2.4508649874
0.26642567193,1.8134478468,-0.45219507357,-8.9274521587,-2.1129433413
0.26815296366,1.7731596232,-0.46101846958,-8.8399930345,-1.7793970053
0.26989762292,1.7328936651,-0.46840595143,-8.7408370177,-1.4472635229
0.27164228218,1.6931064015,-0.47428378151,-8.6309980321,-1.1202415897
0.27338694144,1.6538463115,-0.47867609533,-8.5106738088,-0.79864649383
0.2751316007,1.6151609497,-0.48160845624,-8.3800703286,-0.48278644685
0.27689880083,1.5766093937,-0.48311794305,-8.2375192765,-0.169000317
0.27866600095,1.5387426979,-0.48318661696,-8.0848717719,0.13828777762
0.28043320108,1.5016071521,-0.48184531572,-7.9223662653,0.43878075964
0.28220040121,1.465247922,-0.47912623649,-7.7502488779,0.732189665
0.28399546414,1.4291554885,-0.47498825678,-7.5658383581,1.0226832848
0.28579052707,1.393954311,-0.46949978808,-7.3720454055,1.3052927513
0.28758559,1.3596879448,-0.46269863753,-7.1691506437,1.5797418449
0.28938065293,1.3263986059,-0.45462389224,-6.9574417646,1.8457635745
0.29120972968,1.2935257288,-0.44512786748,-6.732959962,2.1078909843
0.29303880644,1.2617513747,-0.43439533338,-6.499951161,2.3607387317
0.29486788319,1.2311157093,-0.42247145679,-6.2587405833,2.6040547423
0.29669695994,1.2016573212,-0.40940258982,-6.0096598713,2.837597414
0.29856811694,1.1727779746,-0.39489777577,-5.7470571739,3.0661590093
0.30043927394,1.145207219,-0.3792964039,-5.4769395171,3.2840149105
0.30231043094,1.1189810528,-0.36265161644,-5.199680853,3.4909411973
0.30418158793,1.0941336237,-0.34501762629,-4.9156608379,3.6867258797
0.30610760314,1.0700317033,-0.32589176911,-4.6166585017,3.8764033803
0.30803361834,1.0474578152,-0.30583765994,-4.3113260266,4.0538599441
0.30995963355,1.0264428787,-0.28491757765,-4.0000941517,4.2189046212
0.31188564876,1.0070156228,-0.26319473173,-3.6833985088,4.3713602545
0.31389310724,0.98848526696,-0.23976808292,-3.3479710267,4.5166877243
0.31590056573,0.97173593056,-0.21561242352,-3.0075893178,4.6479929294
0.31790802422,0.95679238647,-0.19080205771,-2.6627609368,4.7651236709
0.31991548271,0.94367672233,-0.16541204801,-2.3139973868,4.8679443721
0.32208776047,0.93156573995,-0.13737211802,-1.9327622109,4.9629491789
0.32426003823,0.92163873053,-0.10883888436,-1.5481788171,5.0409301894
0.326432316,0.91391290729,-0.079909737648,-1.1609071649,5.101781895
0.32860459376,0.90840171187,-0.050682604351,-0.77160999414,5.1454218795
0.33080379661,0.90508804454,-0.020890245504,-0.3761043073,5.172009167
0.33300299946,0.90406019096,0.0090044138372,0.020104550576,5.180857399
0.33520220231,0.90532021296,0.038898913237,0.41632446911,5.1719536361
0.33740140516,0.90886617633,0.068690787916,0.81186329489,5.1453093138
0.33942157558,0.91413283278,0.09587919763,1.174009104,5.1052313101
0.34144174601,0.92131587131,0.12281553198,1.5344616789,5.0502594365
0.34346191644,0.93040489673,0.14942096468,1.892687539,4.9804568813
0.34548208687,0.94138668969,0.17561705043,2.2481551517,4.8959041241
0.34741851622,0.95367514888,0.20027080574,2.5858087756,4.8011008747
0.34935494557,0.967671459,0.22440860242,2.9199783464,4.6929355652
0.35129137492,0.98335673664,0.24796280236,3.2502031889,4.5715236043
0.35322780426,1.0007097646,0.27086639081,3.5760258488,4.4369948347
0.35510746005,1.0191268732,0.29241337706,3.8876554469,4.2940011745
0.35698711583,1.0390696126,0.31322488155,4.1942980304,4.1389292026
0.35886677161,1.0605123672,0.33324168818,4.4955459962,3.9719363691
0.36074642739,1.0834275203,0.35240538881,4.790995964,3.7931927011
0.36258256826,1.1072054938,0.37024659457,5.0736257592,3.6074159223
0.36441870913,1.1323308538,0.38716604376,5.3499750266,3.4107818193
0.36625485,1.158772451,0.40311186232,5.6196812859,3.2034832162
0.36809099087,1.1864974011,0.41803313257,5.8823871261,2.985724085
0.36989195199,1.2149044718,0.431625044,6.1329192607,2.7621828272
0.37169291312,1.2444786922,0.4441371661,6.3760510399,2.5289980419
0.37349387424,1.2751843124,0.45552442963,6.6114611167,2.2863929317
0.37529483536,1.3069840768,0.46574284417,6.8388339588,2.0346006495
0.37706683133,1.339302693,0.47461449257,7.0544051104,1.7781271263
0.37883882731,1.3726047818,0.48227335829,7.2616071331,1.5132354632
0.38061082328,1.4068507518,0.48868085918,7.4601575368,1.2401753266
0.38238281925,1.4419997125,0.49379959523,7.6497803255,0.9592052749
0.38413115515,1.4775232102,0.4975516123,7.8278588856,0.67449541018
0.38587949106,1.5138430314,0.4999802837,7.9967325886,0.38261069356
0.38762782696,1.5509163631,0.50105330288,8.1561564191,0.083824191429
0.38937616286,1.5886992846,0.5007396348,8.305892498,-0.22158310537
0.39110590123,1.6267344829,0.49903550639,8.4442760033,-0.52997406179
0.39283563959,1.6653756304,0.49591743421,8.5727352182,-0.84427602226
0.39456537796,1.7045771856,0.49135924266,8.6910618011,-1.1641948042
0.39629511633,1.744292679,0.48533610796,8.7990551767,-1.489429211
0.39801157465,1.7841645925,0.47788798335,8.8958150108,-1.8171174692
0.39972803297,1.8244488277,0.46895270729,8.9820298477,-2.1494291721
0.40144449129,1.8650974778,0.45851015156,9.0575277108,-2.4860504882
0.40316094961,1.90606188,0.44654161594,9.122145037,-2.8266614497
0.40487024937,1.9471202123,0.43308943185,9.1755265337,-3.1694931583
0.40657954914,1.9883932602,0.41809129376,9.2178200951,-3.5156305316
0.4082888489,2.0298309623,0.40153311399,9.2488903446,-3.8647405579
0.40999814866,2.0713826702,0.38340231099,9.2686110209,-4.2164849566
0.41170810541,2.1130131874,0.36367994777,9.276866123,-4.5706568474
0.41341806216,2.1546548009,0.34236317753,9.2735383278,-4.9267729172
0.41512801892,2.1962552926,0.31944406452,9.2585298343,-5.2844799614
0.41683797567,2.2377620272,0.29491626839,9.2317527755,-5.6434203894
0.41856014201,2.2794166608,0.26858259674,9.192810854,-6.0058038682
0.42028230834,2.3208679355,0.24060923944,9.1417840019,-6.3686979204
0.42200447468,2.36206108,0.21099474017,9.0786141916,-6.7317252856
0.42372664101,2.4029410854,0.1797393561,9.0032543911,-7.0945052487
0.42548527639,2.4443062521,0.1461307977,8.9136816092,-7.4643132225
0.42724391176,2.4852283861,0.11081718796,8.8113337663,-7.8330509594
0.42900254714,2.5256484728,0.073804424706,8.696197447,-8.2003038026
0.43076118251,2.5655074646,0.03510032583,8.5682719571,-8.5656546649
0.43271007494,2.6089517176,-0.0097547927971,8.4115827019,-8.9678016917
0.43465896737,2.6515542189,-0.056658929512,8.2392380412,-9.3665252262
0.4366078598,2.6932350063,-0.10559309842,8.0512933126,-9.7612504987
0.43855675223,2.7339144525,-0.15653536966,7.847824068,-10.151401476
0.44036042995,2.7706017913,-0.20544952893,7.6457661829,-10.507904959
0.44216410766,2.806301246,-0.25604043361,7.4305849439,-10.859539422
0.44396778538,2.8409509259,-0.30828394727,7.2023874881,-11.205848396
0.4457714631,2.8744894839,-0.36215377452,6.9612963474,-11.54637647
0.44778130225,2.9104783899,-0.42406186142,6.6776291275,-11.918462347
0.44979114141,2.9449292405,-0.48791141086,6.3783377913,-12.282181862
0.45180098056,2.9777602187,-0.55365664004,6.0636602488,-12.636914299
0.45381081972,3.0088908268,-0.62124850431,5.7338586274,-12.982043992
0.4555204479,3.0339739008,-0.68015860288,5.4416290477,-13.267606892
0.45723007608,3.0577216378,-0.74033309511,5.1388530672,-13.545408856
0.45893970426,3.0800871554,-0.80173632298,4.825733502,-13.815082627
0.46064933245,3.1010245101,-0.86433099027,4.5024858507,-14.076265462
0.46228076224,3.1196312328,-0.92513780299,4.1847891108,-14.317255934
0.46391219203,3.1368583431,-0.98695895973,3.8582862281,-14.549882257
0.46554362182,3.1526685925,-1.0497579907,3.5231965318,-14.773842972
0.46717505161,3.1670256938,-1.1134971461,3.1797496691,-14.988841829
0.46875887263,3.1795402309,-1.1762386764,2.8385576435,-15.188717722
0.47034269364,3.1906205951,-1.2397926986,2.4899437949,-15.379612545
0.47192651465,3.2002364189,-1.3041213386,2.1341456861,-15.561271289
0.47351033566,3.208358341,-1.3691856741,1.7714096964,-15.733444861
0.47506269373,3.2148419317,-1.4336329082,1.4093928779,-15.8927596
0.4766150518,3.2198375122,-1.4987099837,1.0412043011,-16.042506342
0.47816740987,3.2233204504,-1.5643774656,0.6670999319,-16.182468861
0.47971976794,3.2252671731,-1.6305950515,0.28734338837,-16.312437554
0.48125234013,3.2256601459,-1.6964680925,-0.092852648925,-16.430748103
0.48278491233,3.2245133291,-1.7627968352,-0.47802551892,-16.538932184
0.48431748452,3.2218072504,-1.8295401707,-0.86790048631,-16.636808731
0.48585005672,3.2175235562,-1.896656277,-1.2621961653,-16.724204044
0.48737315309,3.2116863157,-1.9636847013,-1.6581491219,-16.800510534
0.48889624947,3.2042581614,-2.0309969541,-2.0578952663,-16.866145613
0.49041934585,3.195224514,-2.0985500693,-2.4611399697,-16.920961901
0.49194244222,3.1845719837,-2.1663005076,-2.8675828776,-16.96482019
0.49346695586,3.1722761982,-2.2342674304,-3.2773002522,-16.997614953
0.4949914695,3.1583353386,-2.3023431677,-3.6896032955,-17.019177743
0.49651598314,3.14273969,-2.3704825373,-4.1041749181,-17.029394963
0.49804049678,3.1254808162,-2.4386399204,-4.5206932109,-17.028162135
0.49958053757,3.1063501691,-2.5074628895,-4.9430976179,-17.015194264
0.50112057836,3.0855089635,-2.576209461,-5.3668143484,-16.990356635
0.50266061916,3.0629525907,-2.6448314853,-5.7914982223,-16.953571212
0.50420065995,3.0386778454,-2.7132805187,-6.21680018,-16.904770315
0.50578170517,3.0119672949,-2.783320971,-6.6536988866,-16.842110558
0.5073627504,2.9834434075,-2.8530748466,-7.0904922022,-16.766676738
0.50894379562,2.9531074262,-2.9224890433,-7.5267917939,-16.678430935
0.51052484084,2.9209622114,-2.9915103272,-7.9622064907,-16.577347541
0.51226561554,2.8834822126,-3.0669864696,-8.4401159604,-16.451188063
0.51400639023,2.8438227142,-3.1418504607,-8.9159472395,-16.309450628
0.51574716492,2.8019944252,-3.2160311488,-9.3891698456,-16.152154299
0.51748793962,2.7580104827,-3.2894575125,-9.8592516889,-15.979337173
0.51923954068,2.7115929393,-3.3625075407,-10.328547845,-15.789837352
0.52099114175,2.6630269672,-3.434650314,-10.793581139,-15.58475932
0.52274274282,2.6123334166,-3.5058144186,-11.253808988,-15.364201283
0.52449434389,2.5595356299,-3.5759289385,-11.708690167,-15.128281547
0.52608899411,2.5096606283,-3.6387888267,-12.117707679,-14.900258991
0.52768364434,2.4580842402,-3.700667917,-12.521442166,-14.659737925
0.52927829457,2.4048294248,-3.7615141613,-12.919491472,-14.406851287
0.5308729448,2.3499208185,-3.8212760973,-13.311456464,-14.141745877
0.5323863904,2.2963026154,-3.8769456597,-13.677474145,-13.878985077
0.533899836,2.2412423016,-3.9315498865,-14.037320144,-13.605511648
0.5354132816,2.1847650571,-3.9850465296,-14.390663308,-13.321485499
0.5369267272,2.1268973696,-4.0373939988,-14.737176554,-13.027077582
0.53839656962,2.0693922768,-4.087094549,-15.06686307,-12.731386668
0.53986641204,2.0106284984,-4.1356358268,-15.389512029,-12.42625153
0.54133625446,1.9506337442,-4.1829817466,-15.704836943,-12.111858128
0.54280609688,1.8894368196,-4.2290969583,-16.012556322,-11.788401847
0.54425068346,1.8281490054,-4.2731871127,-16.307310037,-11.461871043
0.54569527004,1.7657582031,-4.3160230162,-16.594193692,-11.126986753
0.54713985662,1.7022947368,-4.3575733882,-16.87295603,-10.783960289
0.5485844432,1.6377898722,-4.3978077648,-17.143351679,-10.433011201
0.55001655236,1.5728458926,-4.4363664748,-17.402917754,-10.077497143
0.55144866151,1.5069422867,-4.4735747098,-17.653799122,-9.7146498771
0.55288077067,1.4401121215,-4.5094053435,-17.895775506,-9.3447062706
0.55431287982,1.3723892794,-4.5438321534,-18.128633404,-8.9679104364
0.55574369442,1.3038708045,-4.576800671,-18.351968537,-8.5848630191
0.55717450903,1.2345312171,-4.6083183838,-18.565796888,-8.1954837719
0.55860532363,1.1644065877,-4.6383620024,-18.76992732,-7.8000365592
0.56003613823,1.0935336901,-4.6669092399,-18.964176441,-7.3987915933
0.56147762827,1.0214133057,-4.6941347497,-19.149704867,-6.9889702443
0.56291911831,0.94861041251,-4.7197992231,-19.324854951,-6.5738333629
0.56436060834,0.87516459393,-4.7438831003,-19.489464396,-6.1536752659
0.56580209838,0.80111603077,-4.7663679458,-19.643379779,-5.728795749
0.56727028562,0.72511860061,-4.7876076151,-19.789003513,-5.2915093217
0.56873847287,0.64858178114,-4.8071535091,-19.923241035,-4.8499688831
0.57020666011,0.57154971637,-4.824989871,-20.045959895,-4.4045068293
0.57167484736,0.49406704085,-4.841102234,-20.157038005,-3.9554601451
0.5731998276,0.41315841308,-4.8559984402,-20.259968451,-3.4856139548
0.57472480785,0.33186327735,-4.8690072654,-20.35010706,-3.0126554596
0.5762497881,0.25023304849,-4.8801170311,-20.427353678,-2.536975528
0.57777476835,0.16831951665,-4.8893176312,-20.491620937,-2.0589686518
0.57945892166,0.077589560166,-4.8972498921,-20.547424938,-1.5288431301
0.58114307498,-0.013351772572,-4.9028340715,-20.58722642,-0.99690413173
0.5828272283,-0.10443358722,-4.9060633506,-20.610963236,-0.46369432502
0.58451138162,-0.1955847583,-4.9069333153,-20.618592976,0.070241152091
0.58612964094,-0.28316862736,-4.905544705,-20.61072893,0.583461094
0.58774790027,-0.37068744281,-4.9019762589,-20.587969909,1.096360165
0.5893661596,-0.45807795233,-4.8962303726,-20.550330232,1.6084523521
0.59098441893,-0.5452770006,-4.8883115053,-20.497841231,2.1192521881
0.59249125469,-0.62624456953,-4.8789898753,-20.43565763,2.593294016
0.59399809045,-0.70694084887,-4.8677966976,-20.360693138,3.0654058236
0.59550492622,-0.78731540536,-4.8547403742,-20.273012659,3.5351999159
0.59701176198,-0.86731808743,-4.8398308365,-20.1726937,4.0022908983
0.59846892861,-0.94428311887,-4.8236609238,-20.063745651,4.4510544601
0.59992609525,-1.0208090732,-4.8057803548,-19.943155181,4.8965890664
0.60138326188,-1.0968516085,-4.7862021327,-19.811025493,5.3385546809
0.60284042851,-1.1723667976,-4.764940555,-19.667470416,5.7766148043
0.60427200199,-1.2460000408,-4.7424282174,-19.51543087,6.2028557594
0.60570357547,-1.3190415795,-4.7183221293,-19.352611356,6.6246947496
0.60713514895,-1.3914511557,-4.6926394124,-19.179148984,7.0418246838
0.60856672243,-1.4631890443,-4.6653983338,-18.995190193,7.453943076
0.60998738929,-1.5336777416,-4.6368433207,-18.802409581,7.8576738148
0.61140805616,-1.6034286948,-4.6067927367,-18.599605959,8.2558902376
0.61282872302,-1.672404836,-4.575267672,-18.386948678,8.6483119457
0.61424938988,-1.7405697446,-4.5422902523,-18.16461542,9.0346641608
0.615670854,-1.8079252092,-4.5078639133,-17.932659287,9.4148894034
0.61709231812,-1.8743976497,-4.4720309294,-17.691396421,9.788505932
0.61851378224,-1.9399527112,-4.4348164429,-17.441028584,10.155256982
0.61993524636,-2.0045568055,-4.3962465416,-17.181765017,10.514892449
0.62136901389,-2.068723411,-4.3559971803,-16.91146581,10.870185397
0.62280278142,-2.1318563432,-4.3144249601,-16.632565849,11.217749342
0.62423654895,-2.1939236721,-4.2715594161,-16.345301451,11.557349628
0.62567031648,-2.2548943698,-4.2274309522,-16.049915625,11.888759403
0.62713033265,-2.3158232378,-4.181229103,-15.74103415,12.217593402
0.62859034882,-2.375552969,-4.1337839244,-15.424259762,12.537484964
0.63005036499,-2.4340538385,-4.0851301026,-15.099868628,12.848220747
0.63151038116,-2.4912971914,-4.0353031242,-14.768142853,13.149596603
0.63301877305,-2.5490872622,-3.9826315893,-14.418028162,13.450921132
0.63452716494,-2.6054765414,-3.928787362,-14.060715091,13.741843207
0.63603555683,-2.6604371738,-3.8738120196,-13.696532424,14.022169724
0.63754394872,-2.7139426166,-3.8177478824,-13.325814142,14.291718747
0.63915533561,-2.7694653958,-3.756701384,-12.92294538,14.567573875
0.6407667225,-2.823269688,-3.6945147027,-12.513423282,14.830741241
0.64237810939,-2.8753282428,-3.6312418927,-12.097671494,15.081042247
0.64398949628,-2.9256156113,-3.5669377317,-11.676118214,15.318313431
0.64569175314,-2.9767888601,-3.4979484339,-11.22496941,15.554648394
0.64739401,-3.0259335455,-3.4279361406,-10.76834234,15.776121074
0.64909626686,-3.0730263404,-3.3569675802,-10.306754042,15.982594393
0.65079852372,-3.1180462345,-3.2851100504,-9.8407242657,16.173950411
0.65240824357,-3.1586949456,-3.2164022258,-9.3964139079,16.34090763
0.65401796343,-3.1974593972,-3.1470177244,-8.9490406276,16.494190134
0.65562768328,-3.234327581,-3.0770144491,-8.4990470229,16.633745304
0.65723740313,-3.2692893585,-3.006450493,-8.0468755544,16.759535671
0.65877307315,-3.3008583494,-2.9386634477,-7.6138803445,16.866689182
0.66030874318,-3.3306791587,-2.8704697174,-7.1796877277,16.96128789
0.6618444132,-3.3587477275,-2.8019199086,-6.7446788332,17.043337271
0.66338008322,-3.38506153,-2.7330645812,-6.3092329583,17.112854943
0.66488410375,-3.4091311541,-2.6653807774,-5.8827008896,17.168821395
0.66638812427,-3.4315171009,-2.597499607,-5.4564632019,17.212834622
0.6678921448,-3.4522212224,-2.5294681707,-5.0308689273,17.244944245
0.66939616532,-3.4712467427,-2.4613333525,-4.6062640017,17.265210493
0.67088785298,-3.4884627568,-2.393701053,-4.1864554381,17.273682054
0.67237954063,-3.5040378728,-2.3260581272,-3.7682875471,17.270652101
0.67387122828,-3.5179791561,-2.2584494444,-3.3520869253,17.256209281
0.67536291593,-3.5302949425,-2.1909195076,-2.9381759616,17.230451795
0.67685523359,-3.5409990024,-2.1234839829,-2.5266994604,17.193469248
0.67834755125,-3.5500966325,-2.0562151296,-2.1181463,17.145387002
0.67983986891,-3.5575998909,-1.9891561887,-1.7128249963,17.086330853
0.68133218657,-3.5635220342,-1.9223498911,-1.3110387921,17.016435324
0.68283622483,-3.5679055454,-1.8553173256,-0.90997587101,16.935168543
0.68434026309,-3.5707136381,-1.7886268402,-0.51310514048,16.843191672
0.68584430135,-3.5719634445,-1.722320403,-0.12071934193,16.74066789
0.68734833962,-3.5716732398,-1.6564393222,0.26689515265,16.627768395
0.68887565027,-3.5698225599,-1.5900159032,0.6553369063,16.502688327
0.69040296092,-3.5664253061,-1.5241147612,1.0382841863,16.367288868
0.69193027158,-3.5615040688,-1.4587768673,1.4154585501,16.221773
0.69345758223,-3.5550825394,-1.3940423639,1.7865891374,16.06635109
0.69502291267,-3.5469702959,-1.3283636121,2.1604118261,15.8970088
0.6965882431,-3.5373359461,-1.2634012568,2.5273351276,15.71773114
0.69815357354,-3.5262083899,-1.1991956169,2.8870933362,15.528766768
0.69971890398,-3.5136176009,-1.1357859756,3.2394298061,15.330371147
0.70134745217,-3.4989986197,-1.0707014309,3.5978523349,15.11423465
0.70297600037,-3.4828654736,-1.0065616313,3.9477058383,14.888475342
0.70460454857,-3.4652553499,-0.94340705917,4.2887334618,14.653401966
0.70623309676,-3.4462065099,-0.88127686349,4.6206895443,14.409329591
0.70799951595,-3.423964144,-0.81508882581,4.970220448,14.134793623
0.70976593514,-3.4001268291,-0.75019676943,5.3085193795,13.850465162
0.71153235433,-3.3747472767,-0.68664512392,5.6353183156,13.556768073
0.71329877352,-3.3478794039,-0.62447633848,5.9503651978,13.25413259
0.71506164744,-3.3196364644,-0.56385132263,6.2528278992,12.94362743
0.71682452136,-3.2900217792,-0.50468208146,6.5431319317,12.625092515
0.71858739528,-3.2590920914,-0.4470047526,6.8210746035,12.298970838
0.7203502692,-3.2269050451,-0.39085341439,7.0864691751,11.965709318
0.72213250555,-3.1931459879,-0.33566920998,7.3418488815,11.62198898
0.72391474191,-3.1582227778,-0.28210830418,7.5840687887,11.271899577
0.72569697827,-3.1221973268,-0.2301993966,7.8129854243,10.915911605
0.72747921463,-3.0851321798,-0.17996898132,8.0284717508,10.554497314
0.72920656732,-3.0482758842,-0.13291010807,8.22440124,10.199481667
0.73093392001,-3.0105601036,-0.087470880364,8.4075245376,9.8402451717
0.7326612727,-2.9720430775,-0.043669459811,8.5777695622,9.4772195464
0.73438862539,-2.9327833404,-0.0015220510514,8.7350782766,9.1108361669
0.73606990025,-2.8939135529,0.037899064795,8.8757253382,8.7514114981
0.7377511751,-2.8544501726,0.075728361971,9.0040470015,8.3896097657
0.73943244995,-2.8144476389,0.11195621962,9.1200272556,8.025825478
0.7411137248,-2.7739604359,0.14657475419,9.2236621159,7.660451347
0.7427786404,-2.7334430782,0.17926448154,9.3141305105,7.2974493644
0.74444355599,-2.6925567065,0.21036569903,9.3925192686,6.933648286
0.74610847159,-2.6513540558,0.23987573238,9.4588584064,6.5694223315
0.74777338718,-2.609887706,0.26779353647,9.5131888305,6.2051427462
0.74943649004,-2.5682555123,0.29409188418,9.5555225137,5.8415735121
0.7510995929,-2.5264644227,0.31880420256,9.5859870702,5.4786812471
0.75276269575,-2.4845661034,0.34193423291,9.6046547043,5.1168254253
0.75442579861,-2.4426118833,0.3634872772,9.6116077011,4.7563614797
0.75609677186,-2.4004542165,0.38356102734,9.6068886712,4.3959476759
0.75776774511,-2.3583427996,0.40205823492,9.5905402622,4.0376450147
0.75943871835,-2.316328402,0.41898892253,9.5626754394,3.6818002079
0.7611096916,-2.2744612768,0.43436462257,9.5234165983,3.3287549026
0.76279614575,-2.2324061408,0.44831935554,9.4723750834,2.9756194116
0.7644825999,-2.1906021175,0.4607183191,9.4100061425,2.626018322
0.76616905404,-2.1490990198,0.47157790264,9.3364634599,2.280285876
0.76785550819,-2.1079459602,0.48091596188,9.2519095823,1.9387502252
0.76956407705,-2.0666597533,0.48884465803,9.1551935735,1.5973453344
0.7712726459,-2.0258319681,0.4952530162,9.0475382186,1.2609063525
0.77298121476,-1.9855112361,0.50016403209,8.9291388826,0.92975424108
0.77468978361,-1.9457452939,0.50360212501,8.8001992632,0.60420280899
0.77642670368,-1.9059364088,0.50561409188,8.6585343246,0.27930605855
0.77816362375,-1.8667973996,0.50615908659,8.5064261103,-0.039171762967
0.77990054382,-1.8283753433,0.50526707806,8.344113491,-0.35092470564
0.78163746389,-1.7907162102,0.50296941137,8.1718431489,-0.65565510659
0.78340899512,-1.7531390116,0.49921190693,7.9861463493,-0.95892407077
0.78518052635,-1.7164483787,0.49406224326,7.7906330504,-1.2542892725
0.78695205759,-1.6806893041,0.48755785125,7.5855883255,-1.5414624215
0.78872358882,-1.645905438,0.47973748035,7.3713045167,-1.8201647598
0.79053649219,-1.6113629712,0.47041380567,7.1427634521,-2.0963252983
0.79234939555,-1.577929844,0.45979812012,6.9051882833,-2.3630551508
0.79416229892,-1.5456482572,0.44793594551,6.6589140348,-2.6200873428
0.79597520228,-1.514558801,0.43487404823,6.4042824096,-2.8671658426
0.79783759995,-1.4839028803,0.42025665308,6.1343621245,-3.1103674831
0.79969999761,-1.4545865626,0.40447700671,5.8563732913,-3.342552658
0.80156239528,-1.4266483445,0.38758956355,5.5707062604,-3.563480523
0.80342479294,-1.4001247994,0.36964992479,5.2777573894,-3.7729228371
0.80534832722,-1.374252392,0.35007698421,4.9679743236,-3.9769545371
0.80727186151,-1.3499619125,0.32950571647,4.6513012579,-4.1682811895
0.80919539579,-1.327287008,0.30800080959,4.328192657,-4.3466942287
0.81111893007,-1.306259017,0.28562796768,3.999108201,-4.5119997798
0.81312618243,-1.2861031642,0.26142807837,3.6498318654,-4.6703307364
0.81513343479,-1.2678024938,0.23643238907,3.2950870206,-4.8140071693
0.81714068715,-1.2513844069,0.21071857174,2.9354113432,-4.9428604094
0.81914793951,-1.23687346,0.18436514053,2.5713467663,-5.0567394961
0.82130820104,-1.2234119062,0.15537905648,2.1752520185,-5.1624173298
0.82346846256,-1.2122077173,0.12584361191,1.7753904581,-5.2504540964
0.82562872409,-1.2032803053,0.095859197982,1.3724503061,-5.3207307632
0.82778898561,-1.1966451703,0.065526812919,0.96712282754,-5.3731522954
0.83002982454,-1.1921970119,0.033803916059,0.54489623943,-5.4085868834
0.83227066348,-1.1902361876,0.0019294386818,0.12162343687,-5.4246813989
0.83451150241,-1.1907665661,-0.029982766996,-0.30191837902,-5.4214118507
0.83675234134,-1.193787443,-0.061818789674,-0.72495168927,-5.3987821429
0.8387933064,-1.1987016918,-0.09065276991,-1.1091535006,-5.3613503418
0.84083427145,-1.2056703583,-0.1192433213,-1.4917026035,-5.3079282696
0.84287523651,-1.21468302,-0.14750493149,-1.8720142315,-5.2385792687
0.84491620157,-1.2257261263,-0.17535247885,-2.249505544,-5.1533858395
0.84686402369,-1.2381435512,-0.20146527078,-2.6066061034,-5.0573972036
0.84881184582,-1.2523780391,-0.22705077491,-2.9601071691,-4.9471743282
0.85075966795,-1.268409907,-0.25203650763,-3.3095095991,-4.8228375951
0.85270749007,-1.2862169275,-0.27635064123,-3.6543175305,-4.6845231596
0.85458960572,-1.3050863663,-0.29913979329,-3.9826669717,-4.5377386879
0.85647172136,-1.3255655572,-0.32117208862,-4.3058266872,-4.3781963126
0.858353837,-1.3476277782,-0.34238489303,-4.6233602433,-4.2060605943
0.86023595265,-1.3712441616,-0.36271641898,-4.9348355091,-4.0215096615
0.86206560424,-1.3956626006,-0.3815786092,-5.2314150479,-3.8303840757
0.86389525583,-1.4214901086,-0.39949539005,-5.5214771472,-3.6278950665
0.86572490742,-1.4486944585,-0.41641265735,-5.8046384629,-3.4142428124
0.86755455901,-1.477241594,-0.43227729696,-6.0805207843,-3.189639366
0.86934044863,-1.506366628,-0.44669749565,-6.3424278975,-2.9600607064
0.87112633825,-1.5367018391,-0.46001779392,-6.5967035285,-2.720480634
0.87291222787,-1.568210659,-0.47219183642,-6.8430118974,-2.4711286461
0.87469811749,-1.6008549589,-0.48317436833,-7.0810230663,-2.2122447123
0.87644719326,-1.6338887757,-0.4927331212,-7.3057737783,-1.949699056
0.87819626903,-1.6679350431,-0.50106634363,-7.521956992,-1.6784952452
0.8799453448,-1.702953749,-0.50813486055,-7.7292807086,-1.398887393
0.88169442057,-1.7389035554,-0.51390068501,-7.9274594034,-1.1111388739
0.88341287711,-1.7750895449,-0.51826129204,-8.1129925473,-0.82076335058
0.88513133365,-1.8120915437,-0.52129526297,-8.2891711151,-0.52305970742
0.8868497902,-1.8498667818,-0.52297015681,-8.4557441341,-0.21830321092
0.88856824674,-1.8883713729,-0.52325479287,-8.6124676968,0.093222688991
0.89026209877,-1.9269946293,-0.52214569885,-8.7570779266,0.40662904277
0.8919559508,-1.9662387438,-0.51962947971,-8.8916694632,0.72604243092
0.89364980283,-2.0060586923,-0.5156800755,-9.0160303566,1.0511688214
0.89534365486,-2.0464085251,-0.51027274978,-9.1299563035,1.3817069859
0.8970191444,-2.0867963224,-0.503466818,-9.2321887709,1.7136838116
0.89869463395,-2.1276105862,-0.49519022459,-9.3238368221,2.0503490874
0.9003701235,-2.1688043746,-0.4854230305,-9.4047262144,2.3913913899
0.90204561304,-2.2103299979,-0.47414668028,-9.4746909546,2.7364930277
0.90370969434,-2.2518535296,-0.46143639638,-9.5332103998,3.0829431115
0.90537377565,-2.2936085659,-0.4472051272,-9.5806522267,3.4327550416
0.90703785695,-2.3355464109,-0.4314389025,-9.6168793172,3.7856002658
0.90870193825,-2.3776177894,-0.41412519915,-9.6417634669,4.1411448619
0.91036310423,-2.4196989872,-0.39528739363,-9.6551721602,4.4984208444
0.9120242702,-2.4618135533,-0.37488699718,-9.6570497713,4.857706583
0.91368543618,-2.5039109812,-0.35291600079,-9.6472966309,5.2186551426
0.91534660216,-2.545940351,-0.32936791822,-9.6258227671,5.5809151169
0.91701677571,-2.5880772042,-0.3040972177,-9.5923353662,5.9461023173
0.91868694926,-2.6300409407,-0.27722384635,-9.5468477464,6.3118901269
0.92035712282,-2.6717788088,-0.24874597965,-9.489299352,6.677909218
0.92202729637,-2.7132378147,-0.21866342021,-9.4196403499,7.0437867279
0.92372924966,-2.7551437551,-0.18635917447,-9.3361571832,7.4160910301
0.92543120295,-2.7966484417,-0.15239338892,-9.2400284227,7.7874565417
0.92713315624,-2.837695332,-0.11677116019,-9.1312369173,8.157479257
0.92883510954,-2.8782278343,-0.079499395649,-9.0097778741,8.5257526609
0.9306920458,-2.9217980072,-0.036962214207,-8.8628176312,8.925085795
0.93254898205,-2.9646150707,0.0075143543177,-8.7008145284,9.3213167464
0.93440591831,-3.0066057987,0.053913882876,-8.5238141859,9.7139103896
0.93626285457,-3.0476972321,0.10221733245,-8.3318807322,10.102330262
0.93801741251,-3.085631392,0.14958753354,-8.136882767,10.465015927
0.93977197045,-3.122636979,0.19861777534,-7.9287121333,10.823042488
0.94152652839,-3.158653546,0.24928555416,-7.7074694768,11.175957168
0.94328108632,-3.1936211445,0.30156628289,-7.4732707871,11.523308129
0.94519301199,-3.2304610875,0.36034122798,-7.203469952,11.894950564
0.94710493765,-3.2659089885,0.42096242759,-6.9186322203,12.258871621
0.94901686331,-3.2998899021,0.48338967808,-6.6189706924,12.61449492
0.95092878898,-3.3323300079,0.54757989406,-6.3047205545,12.961248571
0.95258588739,-3.3591437998,0.60460536445,-6.0207513999,13.254172523
0.9542429858,-3.3846991389,0.66288906793,-5.7261972487,13.539642743
0.95590008422,-3.4089503953,0.72239779184,-5.421251574,13.817298076
0.95755718263,-3.4318528078,0.78309676192,-5.1061203035,14.086781756
0.95914062728,-3.4524366541,0.8421764721,-4.7956800885,14.336328649
0.96072407193,-3.4717114395,0.90227683841,-4.4763399331,14.577790191
0.96230751659,-3.4896406043,0.96336363037,-4.148311118,14.810868606
0.96389096124,-3.5061884883,1.0254013903,-3.8118150875,15.03527125
0.96543029233,-3.5209182847,1.0865876105,-3.4767967299,15.244832859
0.96696962342,-3.5342788633,1.1486031495,-3.1342168848,15.445665428
0.96850895452,-3.5462401312,1.2114122198,-2.7843061101,15.637516017
0.97004828561,-3.5567729448,1.2749780235,-2.4273036625,15.820137559
0.97155954637,-3.5656968347,1.3380843079,-2.0701520301,15.990217835
0.97307080712,-3.5731910509,1.401846904,-1.7066463132,16.150948526
0.97458206788,-3.5792308785,1.4662282891,-1.3370366541,16.302114135
0.97609332863,-3.5837926101,1.5311900984,-0.96158075345,16.443505787
0.97758839169,-3.5868287993,1.5959883586,-0.58465631821,16.57356656
0.97908345475,-3.588375292,1.661277629,-0.20253338666,16.693675431
0.98057851781,-3.5884122139,1.7270184913,0.18451764991,16.803650923
0.98207358087,-3.5869207647,1.7931708296,0.5762198269,16.903318966
0.98356322351,-3.5838970675,1.8594520553,0.97084627084,16.992208869
0.98505286614,-3.5793220865,1.9260603139,1.3695224934,17.070543899
0.98654250878,-3.5731805544,1.9929540359,1.7719562396,17.138175313
0.98803215142,-3.5654583581,2.0600910863,2.177849597,17.194962646
0.98952813249,-3.556099498,2.1277156848,2.5886460224,17.240945229
0.99102411356,-3.5451215552,2.1954989288,3.0023131048,17.275733377
0.99252009463,-3.5325138781,2.2633966251,3.4185333335,17.299211428
0.99401607571,-3.5182670717,2.3313641443,3.8369844465,17.311273047
0.99551205678,-3.502373014,2.3993564557,4.2573396871,17.311821418
0.99700803785,-3.4848248749,2.4673281668,4.6792681069,17.300769465
0.99850401893,-3.4656171327,2.5352335659,5.1024348869,17.27804005
1.0,-3.4447455879,2.603026658,5.5265016205,17.243566142
