0.0,-3.4552778675,2.5668955186,5.3002523904,17.263249261
0.0015637291119,-3.4326089703,2.6376827807,5.7438309085,17.22119999
0.0031274582238,-3.4081180993,2.7082709174,6.1878276271,17.166230206
0.0046911873356,-3.3818043483,2.7786067896,6.6318473587,17.098293435
0.0062549164475,-3.3536684392,2.8486370934,7.0754920123,17.017355937
0.0080247454624,-3.3196290257,2.9274614979,7.5766520695,16.910041253
0.0097945744773,-3.2832645248,3.0057485124,8.0762345459,16.78603667
0.011564403492,-3.244583628,3.0834206135,8.5736530899,16.645353853
0.013334232507,-3.2035977552,3.1604003827,9.0683196884,16.488026351
0.015046618389,-3.1617614902,3.234149931,9.5437570849,16.320014292
0.016759004271,-3.1177959407,3.3071094043,10.015533693,16.136542583
0.018471390153,-3.071718761,3.3792095018,10.483117079,15.937700936
0.020183776035,-3.0235499948,3.4503813697,10.945976401,15.723598669
0.021726085772,-2.9783936232,3.5136332878,11.358382948,15.517805263
0.023268395508,-2.9315767039,3.5760272806,11.766144415,15.299844299
0.024810705245,-2.8831188175,3.6375143239,12.168879352,15.069836504
0.026353014981,-2.8330410832,3.6980459084,12.566209303,14.82791545
0.02783279581,-2.783491934,3.7551807924,12.942002019,14.584739488
0.029312576639,-2.7324937658,3.8113501654,13.312146023,14.330871588
0.030792357467,-2.6800691531,3.8665127825,13.676317203,14.066462691
0.032272138296,-2.6262419215,3.9206280055,14.034195529,13.791674326
0.033717346919,-2.5723424064,3.9724296513,14.377336401,13.513451983
0.035162555542,-2.5171534122,4.0231575019,14.713884433,13.225663307
0.036607764165,-2.4607004935,4.0727756001,15.043554822,12.928487359
0.038052972788,-2.4030102764,4.1212486854,15.366067808,12.622112357
0.039479459059,-2.3448810865,4.1679372343,15.67711583,12.310877867
0.040905945331,-2.2856010138,4.2134441247,15.980664868,11.991071401
0.042332431602,-2.2251986155,4.2577376403,16.276462168,11.662899315
0.043758917874,-2.1637033844,4.3007868528,16.564260944,11.326576028
0.045178701945,-2.1014420839,4.3423684003,16.84252679,10.98395947
0.046598486016,-2.0381591715,4.3826586216,17.112400034,10.633715096
0.048018270087,-1.9738863478,4.4216295202,17.373656601,10.276076981
0.049438054159,-1.9086561358,4.4592539857,17.626079336,9.9112863185
0.050862420937,-1.8422868675,4.4956205796,17.870228939,9.5383805808
0.052286787714,-1.7750219799,4.5305801582,18.105071687,9.1587830456
0.053711154492,-1.7068966438,4.5641081908,18.330410788,8.7727574818
0.05513552127,-1.637946751,4.5961811444,18.546057418,8.3805739168
0.05657748734,-1.5673424417,4.6271452057,18.754310954,7.9775543356
0.05801945341,-1.4959692162,4.6565726682,18.952267227,7.5687989352
0.05946141948,-1.423866378,4.6844423819,19.139756613,7.1546057889
0.06090338555,-1.3510738551,4.7107343355,19.316618716,6.73527838
0.062382165572,-1.2757490365,4.7360390963,19.486800358,6.3002361058
0.063860945594,-1.1997857936,4.7596456341,19.645494027,5.8604567109
0.065339725615,-1.1232290017,4.7815362235,19.792558169,5.4162831444
0.066818505637,-1.0461240643,4.8016944792,19.927862198,4.9680628888
0.068380171973,-0.96415302695,4.8210853123,20.057850816,4.4907153693
0.069941838309,-0.88167644319,4.8385113881,20.174463912,4.0096657369
0.071503504645,-0.79874938398,4.8539583948,20.277588653,3.5253368064
0.073065170981,-0.71542735343,4.8674137613,20.367126544,3.0381550136
0.074975950985,-0.61302293588,4.881152176,20.458076756,2.4388100319
0.076886730989,-0.51021388739,4.8918766482,20.528437218,1.8366292673
0.078797510993,-0.40710372948,4.899574949,20.57811656,1.2324087689
0.080708290996,-0.30379635923,4.904238849,20.607056412,0.62694731068
0.082262177852,-0.21971119716,4.9057913974,20.615281645,0.13421145706
0.083816064707,-0.13562049253,4.9053340329,20.609776429,-0.35838571357
0.085369951563,-0.051580225066,4.9028681976,20.59055772,-0.85041466464
0.086923838418,0.032353723998,4.8983970835,20.557656857,-1.3414470415
0.088407769435,0.11235848508,4.8922598848,20.513506963,-1.809050553
0.089891700453,0.19216710723,4.8843041663,20.456972561,-2.2749863371
0.09137563147,0.27173146572,4.8745371411,20.388117276,-2.7388869696
0.092859562487,0.35100370639,4.8629674485,20.307016374,-3.2003876988
0.094309503967,0.42813248104,4.8499311861,20.216028129,-3.6486529193
0.095759445446,0.50489295943,4.8351941598,20.113523115,-4.0939473579
0.097209386926,0.58124149493,4.8187683077,19.999603045,-4.5359403266
0.098659328406,0.65713484733,4.8006668195,19.874379732,-4.9743049855
0.10009336157,0.73170585786,4.7811299108,19.739531743,-5.4039749831
0.10152739474,0.8057488124,4.7599831748,19.593873496,-5.8294723625
0.1029614279,0.87922326851,4.7372428921,19.437541382,-6.2504939188
0.10439546107,0.95208931414,4.7129264752,19.270680791,-6.6667413554
0.10582632079,1.0241485274,4.6871114147,19.093849487,-7.0770174367
0.10725718052,1.095524346,4.6597651226,18.906851529,-7.4819629267
0.10868804025,1.1661788979,4.6309081498,18.709856971,-7.8812977849
0.11011889998,1.2360749651,4.6005620879,18.503043977,-8.2747479173
0.11155785472,1.3055646177,4.5685654429,18.285347048,-8.6642185218
0.11299680947,1.3742137977,4.5351096925,18.05810551,-9.047200753
0.11443576422,1.4419868343,4.500219838,17.821523973,-9.4234355194
0.11587471897,1.5088488433,4.4639218463,17.575814375,-9.7926707697
0.11733398459,1.5756892465,4.4257010286,17.317539099,-10.159718206
0.11879325022,1.6415230314,4.3860887352,17.050337082,-10.519067897
0.12025251585,1.706316463,4.345114916,16.774450762,-10.870480468
0.12171178148,1.770036748,4.3028104218,16.490129169,-11.213724834
0.12320796947,1.8342217462,4.2580871543,16.190122943,-11.556940111
0.12470415746,1.8972119239,4.2120334784,15.881799389,-11.891104102
0.12620034545,1.9589751759,4.164685382,15.565446482,-12.215996035
0.12769653345,2.0194805398,4.1160797009,15.241358092,-12.531405033
0.12926420058,2.0814945703,4.0638438246,14.893814413,-12.851490353
0.13083186771,2.1420620706,4.0103128794,14.53845775,-13.160725581
0.13239953484,2.2011516182,3.9555319469,14.175644329,-13.458904117
0.13396720197,2.2587332672,3.8995469333,13.805735665,-13.745831909
0.13586156917,2.3262623738,3.8303547528,13.349794306,-14.07728521
0.13775593637,2.3915009071,3.7595563138,12.88468238,-14.391750501
0.13965030357,2.4544049065,3.6872367739,12.411062745,-14.688959988
0.14154467077,2.514933725,3.613482554,11.929605119,-14.968673396
0.14327303065,2.5680545344,3.545014101,11.484072806,-15.208430868
0.14500139053,2.6191412325,3.4754914896,11.033094523,-15.43330551
0.1467297504,2.6681702851,3.4049825309,10.577188848,-15.64317497
0.14845811028,2.7151205142,3.3335555477,10.116875974,-15.837935954
0.1500536104,2.7566000812,3.2668637647,9.6884862322,-16.004241329
0.15164911051,2.7962790704,3.1995026033,9.2571950132,-16.157547665
0.15324461063,2.8341461869,3.1315265946,8.8234120404,-16.297816529
0.15484011075,2.8701918503,3.0629904025,8.3875462268,-16.42502299
0.15638798931,2.9034134697,2.9960162827,7.9630851083,-16.535938244
0.15793586787,2.9349076771,2.9286164515,7.5374180559,-16.634549653
0.15948374643,2.9646703218,2.8608408827,7.1109138646,-16.720870165
0.16103162499,2.9926987472,2.7927394742,6.68393907,-16.794924168
0.16255972867,3.0186668196,2.7252370928,6.2623129436,-16.856034475
0.16408783236,3.0429438369,2.6575133948,5.8409302065,-16.905269418
0.16561593604,3.0655314665,2.5896159114,5.4201350367,-16.94268434
0.16714403972,3.0864327496,2.521591931,5.0002681681,-16.968344801
0.16866759603,3.1055973844,2.4536911983,4.5829100935,-16.982302032
0.17019115233,3.1230957622,2.3857577196,4.1671398323,-16.984734454
0.17171470863,3.1389348862,2.3178374046,3.753283122,-16.975736222
0.17323826493,3.1531230533,2.2499757678,3.3416611726,-16.955410797
0.17476868409,3.1657226565,2.1819129815,2.9307540157,-16.923703487
0.17629910325,3.1766770362,2.1140001164,2.5227367232,-16.880803418
0.1778295224,3.1859984274,2.0462818787,2.1179195425,-16.82684249
0.17935994156,3.1937003006,1.978802428,1.7166071279,-16.761961172
0.18090774892,3.1998574525,1.9108436579,1.3146049352,-16.685387434
0.18245555628,3.2043895258,1.8432181505,0.91679616163,-16.597958317
0.18400336365,3.2073141636,1.7759696705,0.52347716584,-16.499844335
0.18555117101,3.2086501994,1.709141274,0.1349375933,-16.391223918
0.18712803359,3.208398401,1.6415341556,-0.2556881915,-16.269952975
0.18870489617,3.2065409158,1.5744508809,-0.64076856265,-16.13817526
0.19028175875,3.2031012887,1.5079345066,-1.0200199211,-15.99610303
0.19185862133,3.1981042219,1.4420271957,-1.393166646,-15.843955869
0.19348043882,3.1913672272,1.3749197075,-1.7703016416,-15.677199975
0.19510225632,3.1830393571,1.3085439459,-2.1404141585,-15.500280246
0.19672407381,3.1731510932,1.242942631,-2.5032317437,-15.313457779
0.19834589131,3.1617340569,1.1781573568,-2.8584915064,-15.117000465
0.20004293242,3.148186283,1.1112848396,-3.2218620877,-14.901413822
0.20173997352,3.1330391989,1.0453950365,-3.576401726,-14.675899717
0.20343701462,3.1163327447,0.98053144621,-3.9218437029,-14.440786403
0.20513405573,3.0981080223,0.91673609097,-4.2579332854,-14.196408524
0.20703952941,3.0758878934,0.84642861931,-4.623855269,-13.91139738
0.2089450031,3.0518682266,0.77757400052,-4.9773556085,-13.615626176
0.21085047679,3.0261119291,0.71022481567,-5.318128508,-13.309593281
0.21275595047,2.9986833891,0.6444311347,-5.6458876719,-12.993804286
0.21456083287,2.9712202451,0.58358833446,-5.9441009356,-12.686152755
0.21636571526,2.9423727294,0.52422206021,-6.2301882335,-12.370647368
0.21817059765,2.9121987634,0.46636847485,-6.5039548201,-12.047732072
0.21997548005,2.8807571539,0.41006162947,-6.7652216747,-11.717854299
0.22182556031,2.8472749289,0.35398346963,-7.019887165,-11.372960928
0.22367564058,2.812588445,0.29959607037,-7.2610886346,-11.021712995
0.22552572085,2.7767634445,0.24692910648,-7.4886843749,-10.664600249
0.22737580111,2.7398663164,0.19600987048,-7.7025497385,-10.302113927
0.22914822255,2.7035743314,0.14889029512,-7.8944601911,-9.9502585108
0.23092064398,2.6664190818,0.10341751361,-8.0735895918,-9.5943560113
0.23269306542,2.628460196,0.059609349978,-8.2398717415,-9.2348393679
0.23446548685,2.5897575781,0.017481615027,-8.3932543394,-8.8721409647
0.23619529709,2.5513257958,-0.021999790488,-8.5304743954,-8.5155070207
0.23792510733,2.5122988985,-0.059856454821,-8.6553475999,-8.1566532195
0.23965491757,2.4727329839,-0.096079201659,-8.7678628044,-7.795977741
0.24138472782,2.4326841727,-0.13066065851,-8.8680208975,-7.4338768268
0.24309838442,2.3925883381,-0.16329532272,-8.9550716513,-7.074139112
0.24481204101,2.3521280897,-0.19431003498,-9.0300312853,-6.7137696881
0.24652569761,2.3113577472,-0.2237028037,-9.0929346552,-6.353146294
0.24823935421,2.2703314486,-0.25147332973,-9.1438275559,-5.992643588
0.24994974148,2.2291819196,-0.27757464589,-9.1827036101,-5.6333190178
0.25166012874,2.1878844426,-0.30206430118,-9.2097380897,-5.2748501626
0.253370516,2.1464920183,-0.32494695089,-9.2250080565,-4.9175987242
0.25508090326,2.1050572782,-0.34622886517,-9.2286006984,-4.561922288
0.25679650839,2.0635061371,-0.36597554891,-9.2205711737,-4.2070982281
0.25851211351,2.0220171988,-0.38412916468,-9.2009985751,-3.8545660333
0.26022771864,1.9806421896,-0.40070081727,-9.1700004163,-3.5046726458
0.26194332376,1.9394322855,-0.41570316255,-9.127703662,-3.157759905
0.26367065527,1.8981587294,-0.42923698351,-9.0738410561,-2.8118280076
0.26539798678,1.8571548034,-0.44121037055,-9.0088112629,-2.4695966163
0.26712531829,1.8164707926,-0.45164085827,-8.9327716195,-2.1313976624
0.2688526498,1.7761562486,-0.46054747273,-8.8458883064,-1.7975570004
0.27059725608,1.7358632309,-0.46801722437,-8.7473072676,-1.4651270142
0.27234186237,1.6960462855,-0.47397597441,-8.6380317385,-1.1377915481
0.27408646866,1.6567539437,-0.47844778053,-8.5182590135,-0.81586630083
0.27583107494,1.6180338144,-0.48145813014,-8.3881946505,-0.49965990232
0.27759813983,1.5794463007,-0.4830449648,-8.2461834314,-0.18552122426
0.27936520471,1.541541119,-0.48318942471,-8.0940631479,0.12213576359
0.28113226959,1.504364615,-0.48192227034,-7.9320718198,0.42301356595
0.28289933447,1.4679620123,-0.47927562347,-7.7604551505,0.71682279224
0.28469418385,1.4318246275,-0.47520958876,-7.5765470533,1.0077262844
0.28648903322,1.396576057,-0.46979125845,-7.3832425921,1.2907613834
0.2882838826,1.3622599175,-0.46305836191,-7.1808219574,1.5656514321
0.29007873197,1.3289184889,-0.45504991041,-6.9695724201,1.8321289924
0.29190748219,1.2959921493,-0.44561994192,-6.7455566336,2.0947203309
0.29373623241,1.2641619344,-0.43495142113,-6.5129986537,2.348047605
0.29556498263,1.2334680768,-0.42308943297,-6.2722232386,2.5918582832
0.29739373285,1.2039492346,-0.41008024968,-6.0235615795,2.8259102948
0.29926444996,1.175007378,-0.39563497876,-5.7613854986,3.0549949691
0.30113516706,1.1473717498,-0.38009080159,-5.4916775143,3.2733894998
0.30300588417,1.1210784243,-0.36350077271,-5.2148110721,3.4808694664
0.30487660128,1.096161628,-0.34591901955,-4.9311653349,3.6772223646
0.3068020243,1.0719877823,-0.32684562497,-4.6325508561,3.8674860287
0.30872744732,1.0493395851,-0.30684126106,-4.3275870967,4.0455447872
0.31065287034,1.0282480446,-0.28596810785,-4.0167042078,4.2112071236
0.31257829336,1.0087419819,-0.26428927867,-3.7003372476,4.3642952955
0.31458474014,0.99013073123,-0.24090997824,-3.3652965105,4.5102699076
0.31659118693,0.97329761947,-0.21679857268,-3.0252801248,4.6422425947
0.31859763372,0.95826752226,-0.19202922322,-2.6807947483,4.7600605162
0.3206040805,0.94506263595,-0.16667685247,-2.3323510036,4.8635874194
0.32277108168,0.93287365975,-0.13872813405,-1.9521718803,4.9592088253
0.32493808285,0.92285738906,-0.11028355765,-1.5686270294,5.0378925873
0.32710508402,0.91503110867,-0.081439788288,-1.1823715591,5.0995327546
0.3292720852,0.90940836854,-0.052294028707,-0.79406336723,5.1440462464
0.33147687675,0.90595919127,-0.022430831271,-0.39755810305,5.1716967182
0.33368166831,0.90480754346,0.0075408166908,-0.0003079172612,5.1815167702
0.33588645987,0.90595571826,0.037517661461,0.39698969833,5.173492045
0.33809125143,0.90940197138,0.067396437493,0.79363716998,5.1476328132
0.34011299142,0.91457703643,0.094620200077,1.1561861407,5.1082749918
0.34213473141,0.92167217505,0.12159544013,1.5170659906,5.0539952945
0.3441564714,0.9306771082,0.14824311966,1.8757418199,4.9848561953
0.34617821138,0.94157872293,0.17448457828,2.2316806592,4.9009375174
0.34811560473,0.95379044455,0.19917773761,2.5697107421,4.8067420856
0.35005299808,0.96771282899,0.22335772132,2.9042757398,4.6991640147
0.35199039142,0.9833270776,0.24695675167,3.2349140606,4.5783181857
0.35392778477,1.0006120521,0.26990767199,3.5611673206,4.4443339477
0.35580816539,1.0189638733,0.29150047688,3.8731956554,4.3018644186
0.35768854601,1.0388439191,0.31236005905,4.1802525122,4.1472980997
0.35956892664,1.0602266389,0.33242708736,4.4819295458,3.980792028
0.36144930726,1.0830844768,0.351643037,4.7778226237,3.8025158426
0.3632860465,1.1068076839,0.36953608477,5.0608813789,3.6171881564
0.36512278574,1.1318808145,0.38650919926,5.3376723326,3.4209853772
0.36695952498,1.1582727692,0.40251040311,5.607832345,3.2141000033
0.36879626422,1.1859507096,0.41748867408,5.8710033373,2.9967357021
0.37059774454,1.2143131811,0.43113746848,6.1219928376,2.7735721331
0.37239922486,1.2438453252,0.44370790825,6.3655922246,2.540747534
0.37420070518,1.2745114286,0.45515482784,6.6014795385,2.2984848552
0.3760021855,1.3062742693,0.46543413966,6.8293386283,2.0470170159
0.37777464437,1.3385582284,0.47436659685,7.0453906619,1.7908519979
0.37954710323,1.3718281725,0.48208735094,7.2530815456,1.5262514809
0.38131956209,1.4060445356,0.48855772855,7.4521282081,1.2534649424
0.38309202096,1.4411664496,0.49374023787,7.6422540674,0.97275076949
0.38484077491,1.4766649963,0.4975558955,7.8208312342,0.6882822195
0.38658952887,1.5129623588,0.50004896073,7.9902094418,0.39662159932
0.38833828283,1.55001574,0.50118703995,8.1501431172,0.098041842875
0.39008703678,1.5877812317,0.5009390108,8.30039382,-0.20717617508
0.39181715331,1.625800891,0.49930035492,8.4392878803,-0.51539077769
0.39354726985,1.6644289595,0.49624820987,8.5682616374,-0.82953342262
0.39527738638,1.7036199028,0.49175631679,8.6871062113,-1.1493100099
0.39700750291,1.7433272558,0.48579976856,8.7956204856,-1.4744194099
0.3987242995,1.7831926722,0.47841809678,8.892897575,-1.8019935516
0.40044109609,1.8234728277,0.46954945839,8.979631922,-2.1342079547
0.40215789267,1.8641198152,0.45917364532,9.055651028,-2.4707488271
0.40387468926,1.9050849688,0.44727187765,9.120790806,-2.8112962252
0.40558428165,1.9461453779,0.43388649554,9.1746920047,-3.1540725075
0.40729387404,1.9874228734,0.41895510784,9.217506005,-3.5001710339
0.40900346643,2.0288673876,0.40246355003,9.2490969215,-3.8492587973
0.41071305882,2.0704282635,0.38439916404,9.2693379833,-4.200997507
0.4124232464,2.11206879,0.3647437024,9.2781127701,-4.5551674052
0.41413343398,2.1537227469,0.34349359223,9.2753041992,-4.9112978747
0.41584362157,2.1953379054,0.32064082313,9.2608139696,-5.2690356944
0.41755380915,2.2368616182,0.29617898045,9.2345537138,-5.6280232425
0.41927609906,2.2785330433,0.26991297614,9.1961331119,-5.9904477168
0.42099838898,2.3200034502,0.24200694761,9.1456266104,-6.3533991921
0.4227206789,2.3612180582,0.21245936418,9.0829756813,-6.7165004025
0.42444296882,2.4021218469,0.18127040884,9.0081327902,-7.079370613
0.42620057109,2.4434865346,0.1477517778,8.9191482087,-7.4490441024
0.42795817336,2.4844111963,0.11252967645,8.8174023001,-7.8176660305
0.42971577562,2.524836914,0.07560991125,8.7028811261,-8.1848224932
0.43147337789,2.564704735,0.037000204121,8.5755834363,-8.5500971455
0.4334231465,2.6082072911,-0.007796304268,8.419433986,-8.9525997165
0.4353729151,2.650870434,-0.054644618799,8.2476106665,-9.3516977884
0.43732268371,2.6926140693,-0.10352584014,8.0601681139,-9.7468157536
0.43927245231,2.7333584342,-0.15441811932,7.8571812115,-10.137376712
0.44107703269,2.7701094236,-0.20329123852,7.6555409163,-10.494292287
0.44288161306,2.8058739682,-0.25384392354,7.4407579297,-10.846351638
0.44468619344,2.8405900536,-0.30605208458,7.2129389591,-11.193097478
0.44649077382,2.8741962078,-0.3598894679,6.9722061381,-11.534073563
0.44840946209,2.908641782,-0.41888626659,6.7022411287,-11.889772587
0.45032815036,2.9416915299,-0.47965588003,6.4180181167,-12.237891102
0.45224683863,2.9732741443,-0.54215876229,6.1197419773,-12.577888542
0.4541655269,3.0033194004,-0.60635265486,5.8076377,-12.909228437
0.4558822098,3.0288418077,-0.66518464167,5.5168718071,-13.197910597
0.45759889269,3.0530296548,-0.72530036061,5.2154214913,-13.478859508
0.45931557559,3.0758352424,-0.78666411848,4.9034889566,-13.751702206
0.46103225849,3.0972118118,-0.84923855135,4.5812893113,-14.016070212
0.46266772859,3.1162059792,-0.9099431319,4.2649908296,-14.259715799
0.46430319869,3.1338229129,-0.97167603836,3.9397884819,-14.49502971
0.4659386688,3.1500248507,-1.0344008425,3.6059007302,-14.721706953
0.4675741389,3.1647749907,-1.0980798177,3.2635564781,-14.939447708
0.46916071053,3.177662907,-1.1607297859,2.9235931592,-15.141860125
0.47074728216,3.1891191047,-1.224204286,2.57612428,-15.335322088
0.47233385379,3.1991128132,-1.2884654999,2.2213865324,-15.519575815
0.47392042542,3.207614266,-1.353474548,1.8596255149,-15.694369407
0.47547474081,3.2144681476,-1.4178486526,1.4986538235,-15.856199021
0.47702905621,3.2198362512,-1.4828637115,1.1314329402,-16.008488439
0.4785833716,3.2236935961,-1.5484803488,0.7582179874,-16.151019018
0.48013768699,3.2260162581,-1.6146583096,0.37927181407,-16.283578707
0.48167160554,3.2267815383,-1.6804780347,-5.6496903958e-05,-16.404423057
0.48320552408,3.2260090223,-1.7467641164,-0.3844361966,-16.515166255
0.48473944262,3.2236789185,-1.8134755076,-0.77359338521,-16.615625004
0.48627336117,3.2197725522,-1.8805704375,-1.1672474461,-16.705623338
0.48779724425,3.2143135892,-1.9475642334,-1.5624951896,-16.784508486
0.48932112734,3.207265566,-2.0148523686,-1.9616099629,-16.852745991
0.49084501042,3.1986135986,-2.0823919455,-2.3642980101,-16.910186319
0.49236889351,3.18834399,-2.1501394845,-2.7702597876,-16.95668807
0.49389358914,3.1764374689,-2.2180872017,-3.1794089438,-16.992134117
0.49541828478,3.1628878034,-2.2861544072,-3.5912188769,-17.0163721
0.49694298041,3.1476849747,-2.3542960049,-4.0053734916,-17.029286257
0.49846767605,3.1308202393,-2.4224664531,-4.4215518113,-17.030769902
0.50000712979,3.1120985692,-2.4912792466,-4.8434802198,-17.020571776
0.50154658353,3.0916687586,-2.5600269211,-5.266800055,-16.998531068
0.50308603727,3.0695258783,-2.6286614509,-5.6911674129,-16.96456745
0.50462549101,3.045666397,-2.6971345064,-6.1162344448,-16.918610892
0.50620471621,3.0194046039,-2.7671578324,-6.5526415992,-16.85894302
0.5077839414,2.9913334181,-2.8369073959,-6.9890320425,-16.786539304
0.50936316659,2.961453709,-2.906330309,-7.4250194173,-16.701359177
0.51094239178,2.9297679541,-2.975373541,-7.8602144515,-16.60337429
0.51263781562,2.8937452148,-3.0490137428,-8.3261021292,-16.483909099
0.51433323945,2.8556527793,-3.122089315,-8.7901374128,-16.349663625
0.51602866329,2.8154999821,-3.1945344973,-9.2518305974,-16.200651139
0.51772408713,2.7732983406,-3.2662836267,-9.7106903676,-16.036901996
0.51944520424,2.7283756007,-3.3383407931,-10.173099629,-15.855646981
0.52116632136,2.6813722292,-3.4095449018,-10.631566106,-15.659322519
0.52288743848,2.6323072051,-3.4798280551,-11.085574704,-15.448015373
0.52460855559,2.5812018325,-3.5491227898,-11.534611351,-15.221831018
0.52621665849,2.5316292709,-3.6129150234,-11.949216881,-14.997164277
0.52782476138,2.4803172093,-3.6757317956,-12.35861862,-14.759734467
0.52943286428,2.4272884899,-3.7375194974,-12.76240298,-14.509672162
0.53104096717,2.3725676953,-3.7982251011,-13.160159295,-14.247122286
0.53256066313,2.3193238453,-3.854551584,-13.530141056,-13.987673162
0.53408035909,2.2646159457,-3.9098212435,-13.894035156,-13.717359985
0.53560005504,2.2084689565,-3.9639910484,-14.251504748,-13.436340197
0.537119751,2.1509091738,-4.0170186178,-14.602216966,-13.144782496
0.53859339715,2.0937704386,-4.0673090887,-14.935537979,-12.852165767
0.54006704331,2.0353555462,-4.1164489468,-15.261900762,-12.549983135
0.54154068946,1.975691979,-4.1644015378,-15.581014664,-12.238418235
0.54301433562,1.9148083345,-4.2111309364,-15.892593954,-11.917664274
0.54446125986,1.853870325,-4.2557888506,-16.190921114,-11.593981925
0.54590818411,1.791813825,-4.2992010984,-16.481453729,-11.261836664
0.54735510835,1.7286689275,-4.3413359286,-16.763937055,-10.921437553
0.54880203259,1.6644666821,-4.3821623998,-17.038122148,-10.573002007
0.55023534832,1.5998572244,-4.4212853458,-17.301308249,-10.220141857
0.55166866404,1.5342735718,-4.4590664709,-17.555883257,-9.8598441741
0.55310197976,1.4677485481,-4.4954782291,-17.80162373,-9.4923435492
0.55453529548,1.4003158052,-4.5304939708,-18.03831292,-9.1178819199
0.55596625176,1.3321229387,-4.56403385,-18.265374366,-8.7373412256
0.55739720805,1.2630947398,-4.5961320059,-18.483003593,-8.3503654755
0.55882816434,1.1932670081,-4.6267647544,-18.691006438,-7.9572160966
0.56025912063,1.122676258,-4.6559094051,-18.889196396,-7.5581609578
0.56169953479,1.0508859965,-4.6837218676,-19.078605107,-7.150781267
0.56313994894,0.97839891011,-4.7099834954,-19.257715903,-6.737980878
0.5645803631,0.90525425415,-4.7346743404,-19.426363465,-6.3200512752
0.56602077726,0.83149189264,-4.7577755673,-19.584391242,-5.8972895147
0.56748614773,0.75585942857,-4.7796276066,-19.734107322,-5.462556688
0.56895151821,0.67967268002,-4.7997987343,-19.872534066,-5.0234594177
0.57041688869,0.60297533962,-4.8182727919,-19.999535859,-4.5803263607
0.57188225917,0.5258116021,-4.8350348939,-20.114987301,-4.133490859
0.57340071151,0.44540831392,-4.8505835857,-20.222312633,-3.6669236694
0.57491916385,0.3646023529,-4.864265811,-20.316996197,-3.1971238502
0.57643761619,0.28344432239,-4.8760694489,-20.398934337,-2.7244758056
0.57795606853,0.20198521404,-4.8859839184,-20.468035907,-2.2493676708
0.5796043952,0.11327781364,-4.8945974564,-20.528426314,-1.7312942945
0.58125272187,0.024342170042,-4.9009647725,-20.573514797,-1.2112878299
0.58290104854,-0.064755355583,-4.9050785996,-20.603235959,-0.68985597035
0.58454937521,-0.15394815817,-4.9069338731,-20.617542465,-0.16750895858
0.58619368528,-0.24295206916,-4.906531479,-20.616426701,0.35396717038
0.58783799536,-0.33191796677,-4.9038780533,-20.599931429,0.87533481908
0.58948230544,-0.42077947348,-4.8989751649,-20.56806392,1.3960840856
0.59112661551,-0.50947028228,-4.8918265831,-20.520849582,1.9157053549
0.59264121055,-0.59095648494,-4.8832600908,-20.463818472,2.3928988615
0.59415580558,-0.67219018048,-4.8727995928,-20.393850714,2.8683074459
0.59567040062,-0.75312004802,-4.8604529712,-20.311006875,3.3415365598
0.59718499565,-0.83369503311,-4.8462296724,-20.215360426,3.8121938135
0.5986463647,-0.91105451591,-4.8307375937,-20.111020274,4.263508133
0.60010773375,-0.98799112945,-4.813519901,-19.994930522,4.7117178558
0.60156910279,-1.0644599858,-4.7945891662,-19.867190817,5.15647864
0.60303047184,-1.1404166,-4.7739592758,-19.727911604,5.5974495695
0.60446438379,-1.2144056543,-4.7520800885,-19.580149875,6.0261258824
0.60589829573,-1.2878179749,-4.7285951657,-19.421519058,6.4505142053
0.60733220768,-1.3606128965,-4.7035212341,-19.252153042,6.870304145
0.60876611963,-1.4327502755,-4.6768761804,-19.072195175,7.2851898152
0.61018781316,-1.5035848329,-4.6489258047,-18.883464143,7.6914020498
0.61160950669,-1.5736960771,-4.619469313,-18.684628687,8.0922087756
0.61303120023,-1.6430466039,-4.5885274101,-18.475855056,8.4873267811
0.61445289376,-1.7115996454,-4.5561218471,-18.257317938,8.8764783793
0.61587423839,-1.7793025848,-4.5222838839,-18.02925741,9.2592984788
0.61729558303,-1.8461369664,-4.487029511,-17.791811854,9.6356176761
0.61871692766,-1.9120681398,-4.450383471,-17.54517987,10.005176653
0.6201382723,-1.9770622102,-4.4123714618,-17.289567629,10.367722652
0.62157070228,-2.0415814997,-4.3727080127,-17.023092827,10.725751484
0.62300313226,-2.1050823185,-4.3317124408,-16.74793985,11.076163141
0.62443556224,-2.1675324686,-4.2894138376,-16.464341566,11.418720553
0.62586799223,-2.2289006408,-4.2458421718,-16.172537616,11.753194342
0.62732507234,-2.2901834456,-4.2002463889,-15.867547465,12.084901963
0.62878215246,-2.3502842651,-4.1533985471,-15.554587227,12.407791648
0.63023923257,-2.4091731312,-4.1053327909,-15.233928919,12.721647734
0.63169631269,-2.4668211275,-4.0560840728,-14.905850579,13.026263601
0.63319894469,-2.5249422189,-4.0040945225,-14.560044443,13.330515622
0.63470157669,-2.5816847218,-3.9509248951,-14.206966078,13.624524703
0.63620420869,-2.6370205843,-3.8966159844,-13.846938318,13.908095587
0.63770684069,-2.6909230387,-3.8412093325,-13.480289276,14.181043951
0.63930202711,-2.7465486285,-3.7812358643,-13.084182921,14.458987136
0.64089721352,-2.8005012733,-3.7201242466,-12.681393796,14.724570342
0.64249239993,-2.8527538427,-3.6579266183,-12.272330941,14.977614495
0.64408758635,-2.9032809287,-3.5946958378,-11.857407992,15.217955016
0.6458018214,-2.9556283973,-3.5256556222,-11.405464252,15.461899963
0.64751605645,-3.0059288103,-3.4555512965,-10.947758411,15.690834128
0.6492302915,-3.054157421,-3.3844507506,-10.48481715,15.904609896
0.65094452655,-3.1002918597,-3.3124224941,-10.017170235,16.103099329
0.65256880651,-3.142055019,-3.243380569,-9.5702038899,16.276970441
0.65419308648,-3.181905057,-3.173626837,-9.1199444877,16.436944291
0.65581736644,-3.2198289007,-3.1032206895,-8.6668465946,16.582960874
0.6574416464,-3.2558154156,-3.0322217401,-8.211364848,16.714975911
0.65898213607,-3.2881471546,-2.9643919081,-7.7775895055,16.827217878
0.66052262574,-3.3187217639,-2.8961336902,-7.3424650266,16.926828228
0.66206311541,-3.3475345666,-2.8274981715,-6.9063766733,17.013807899
0.66360360508,-3.3745824406,-2.7585364085,-6.4697080045,17.08817017
0.66511005303,-3.3993242337,-2.6908319935,-6.0424938331,17.148711346
0.66661650097,-3.4223766781,-2.6229119055,-5.6154439371,17.197245945
0.66812294892,-3.4437411194,-2.5548235397,-5.1889100577,17.233819847
0.66962939687,-3.4634202888,-2.4866140887,-4.763240944,17.258489662
0.67112209262,-3.4812615771,-2.4189540516,-4.3426503781,17.271258739
0.67261478837,-3.4974575599,-2.351266627,-3.9235805679,17.272481456
0.67410748412,-3.5120148415,-2.2835968969,-3.5063602045,17.262243064
0.67560017987,-3.5249413059,-2.2159895899,-3.0913138647,17.240638455
0.67709241639,-3.5362428726,-2.1485097929,-2.6788882551,17.207783823
0.67858465291,-3.5459341535,-2.0811805675,-2.2692705707,17.163787763
0.68007688943,-3.5540267575,-2.0140453224,-1.8627711008,17.108772783
0.68156912594,-3.560533499,-1.9471469686,-1.4596949533,17.042870191
0.6830720626,-3.565498124,-1.880051304,-1.0574924106,16.965631811
0.68457499925,-3.5688837617,-1.8132816535,-0.65936685574,16.877642535
0.6860779359,-3.5707070802,-1.7468801222,-0.26561260884,16.779062175
0.68758087255,-3.5709858963,-1.6808881686,0.12348228203,16.67005863
0.68910593048,-3.5697095089,-1.6143854535,0.51325219743,16.548976813
0.6906309884,-3.5668832723,-1.5483883164,0.89764750869,16.417535284
0.69215604632,-3.5625292663,-1.4829378366,1.2763883466,16.275933348
0.69368110425,-3.5566706765,-1.4180742806,1.6492023119,16.124377756
0.69524257909,-3.5491386298,-1.3523111287,2.0245014052,15.9591136
0.69680405394,-3.5400819024,-1.287245967,2.3930339663,15.783876108
0.69836552878,-3.529528781,-1.2229191795,2.7545330671,15.598909527
0.69992700363,-3.5175086284,-1.1593701354,3.108740694,15.404464968
0.7015485131,-3.5035062147,-1.0942420437,3.468582521,15.192789203
0.70317002257,-3.4879897795,-1.030035674,3.8200247086,14.971466131
0.70479153205,-3.4709956294,-0.96679145144,4.1628097973,14.740798095
0.70641304152,-3.4525611436,-0.90454850087,4.4966912836,14.501093806
0.70815417715,-3.4312068512,-0.83887149473,4.8450232612,14.234003741
0.70989531279,-3.4082849685,-0.77443757116,5.1825410044,13.95725461
0.71163644842,-3.3838455292,-0.71128996042,5.5089823177,13.671249898
0.71337758406,-3.3579397312,-0.64947003421,5.8241000444,13.376399313
0.71514892847,-3.3301337068,-0.58798071401,6.1328256531,13.067784399
0.71692027289,-3.3009202881,-0.52794596183,6.4293629646,12.750886748
0.71869161731,-3.2703566501,-0.46940325471,6.7134999957,12.426153948
0.72046296172,-3.2385009159,-0.41238797844,6.9850410247,12.094037827
0.72223391005,-3.2054196188,-0.35694563348,7.243750155,11.75507045
0.72400485839,-3.1711655352,-0.30309442924,7.4895263645,11.409636629
0.72577580672,-3.1357991384,-0.25086335903,7.7222226258,11.058197075
0.72754675505,-3.0993815478,-0.20027926974,7.9417079654,10.701214425
0.72928415241,-3.0626919592,-0.15227783299,8.1440861193,10.346056412
0.73102154978,-3.0251087312,-0.1059066321,8.333544671,9.9864489383
0.73275894715,-2.9866909755,-0.061184959919,8.510004404,9.622831231
0.73449634451,-2.9474981323,-0.018130106296,8.6734005286,9.2556423486
0.73618086914,-2.9088143769,0.022008528567,8.8193030038,8.8966324223
0.73786539376,-2.8695127185,0.060553728465,8.9528440015,8.5350762558
0.73954991839,-2.8296478728,0.09749511207,9.0740025048,8.171371205
0.74123444301,-2.7892746211,0.1328240516,9.1827696779,7.8059129571
0.74290066169,-2.7488936749,0.16617606165,9.2781678888,7.4430873731
0.74456688036,-2.7081219177,0.19793875796,9.361460223,7.0793104079
0.74623309904,-2.6670122501,0.22810880223,9.4326723349,6.7149582049
0.74789931771,-2.6256174363,0.2566844952,9.4918408726,6.3504040418
0.74956253547,-2.58406521,0.2836186029,9.5389391008,5.9866739623
0.75122575322,-2.5423333286,0.30896555455,9.5741421745,5.623476188
0.75288897098,-2.5004735842,0.33272846342,9.5975182143,5.2611717466
0.75455218873,-2.4585374495,0.35491201055,9.6091455017,4.9001177254
0.7562223964,-2.4163997059,0.37560573753,9.6090876846,4.5391602723
0.75789260406,-2.3742878173,0.39472095148,9.5973704427,4.1801725412
0.75956281173,-2.3322526701,0.41226705339,9.5741027517,3.8235026596
0.7612330194,-2.2903446522,0.42825495979,9.5394030845,3.4694937887
0.76291797169,-2.2482461476,0.44281773455,9.4929431514,3.115399548
0.76460292399,-2.2063783454,0.45582157407,9.435119085,2.764698946
0.76628787629,-2.1647911849,0.46728223357,9.3660805522,2.4177276353
0.76797282859,-2.123533924,0.47721693976,9.2859861418,2.0748152779
0.76967922563,-2.082137475,0.48574199512,9.1937757666,1.7320064466
0.77138562268,-2.0411787809,0.49274203893,9.0905804992,1.3940216639
0.77309201973,-2.0007066247,0.49823940549,8.976591562,1.0611833945
0.77479841678,-1.960768914,0.50225785785,8.8520085663,0.73380705517
0.77653251364,-1.9207788315,0.50485234518,8.7147638501,0.40702952229
0.77826661051,-1.8814375395,0.50597335496,8.5670193218,0.086526634265
0.78000070737,-1.8427923059,0.50565015433,8.4090094942,-0.22739397395
0.78173480423,-1.804889313,0.5039133923,8.2409767467,-0.5344328405
0.78350283826,-1.7670554036,0.50072047565,8.0595955406,-0.84009386697
0.78527087229,-1.730086438,0.49612670263,7.8683279708,-1.1379989885
0.78703890632,-1.6940276552,0.49016874841,7.6674544389,-1.4278579532
0.78880694035,-1.6589229758,0.48288461355,7.4572626736,-1.7093899141
0.79061559392,-1.6240434003,0.47410186511,7.2329074591,-1.9884909033
0.7924242475,-1.5902508892,0.46401581035,6.9994323158,-2.2583139676
0.79423290107,-1.5575879641,0.45267114453,6.7571671558,-2.5185897863
0.79604155465,-1.5260955638,0.44011381603,6.5064486332,-2.7690598341
0.79789875704,-1.4950171842,0.42600700776,6.2405636986,-3.0157890882
0.79975595942,-1.4652552474,0.41072360068,5.9665054639,-3.2516619905
0.80161316181,-1.4368486675,0.39431712353,5.6846585138,-3.476434838
0.8034703642,-1.4098344685,0.376842263,5.3954135122,-3.6898763532
0.8053872528,-1.3834495127,0.35774450431,5.0895345667,-3.89806218
0.8073041414,-1.3586216878,0.33763052376,4.7766386385,-4.0937171879
0.80922103,-1.3353851805,0.31656391782,4.4571732858,-4.2766292889
0.8111379186,-1.3137719124,0.29460931388,4.1315913682,-4.4466008524
0.81313536183,-1.2930093114,0.27085811078,3.7863137171,-4.6097501889
0.81513280505,-1.2740722526,0.24628916642,3.4354149004,-4.7584595008
0.81713024828,-1.2569888291,0.22097865967,3.0794228917,-4.8925557587
0.8191276915,-1.2417843541,0.19500363126,2.7188700267,-5.0118832718
0.8212653573,-1.22761941,0.16655722949,2.3285616366,-5.1230709518
0.82340302309,-1.2156562419,0.13753511069,1.9343054331,-5.2170380068
0.82554068889,-1.2059151382,0.10803427131,1.5367668327,-5.2936600033
0.82767835468,-1.1984126444,0.07815234155,1.1366144316,-5.3528354966
0.82996465216,-1.1928804048,0.045882108729,0.70650679785,-5.3967288592
0.83225094963,-1.1899343404,0.013408763273,0.27500052511,-5.4205091459
0.83453724711,-1.1895803705,-0.0191468551,-0.15707939109,-5.4241398266
0.83682354458,-1.1918194605,-0.051663778103,-0.58890729041,-5.4076145917
0.83887478735,-1.196032049,-0.080705300517,-0.97544589449,-5.375653253
0.84092603013,-1.2023224979,-0.10953115224,-1.3605217325,-5.3275242597
0.8429772729,-1.2106813301,-0.13805441947,-1.7435406886,-5.2632851633
0.84502851568,-1.2210958738,-0.16618855098,-2.1239104317,-5.1830130668
0.84698286869,-1.2329163595,-0.19255294488,-2.4833087745,-5.0917059487
0.84893722171,-1.2465721783,-0.21841196551,-2.8392586705,-4.9860323131
0.85089157472,-1.2620443405,-0.24369219651,-3.1912549672,-4.866108236
0.85284592774,-1.279311273,-0.26832085811,-3.538795691,-4.7320657911
0.85473309009,-1.2976652157,-0.29141681729,-3.8696919247,-4.5893718475
0.85662025244,-1.3176461553,-0.31377385829,-4.1955237557,-4.4337989363
0.85850741479,-1.3392279072,-0.33532857074,-4.5158498847,-4.265508201
0.86039457714,-1.3623821106,-0.35601837665,-4.8302332363,-4.084674516
0.86222845326,-1.38636006,-0.37523681799,-5.1296356647,-3.8971090282
0.86406232939,-1.4117641748,-0.3935245252,-5.4226253087,-3.6980622577
0.86589620551,-1.4385626467,-0.4108266951,-5.7088145172,-3.4877316166
0.86773008164,-1.4667218137,-0.42708950385,-5.9878207084,-3.2663265239
0.86951961959,-1.4954779837,-0.44190666224,-6.2527959244,-3.0398099518
0.87130915755,-1.5254614221,-0.45563578683,-6.5102267945,-2.8031752646
0.87309869551,-1.5566358859,-0.46822987399,-6.7597735782,-2.5566496978
0.87488823346,-1.5889635499,-0.47964301254,-7.0011023218,-2.300471073
0.87664044957,-1.621696491,-0.48963077579,-7.2291197495,-2.0405209109
0.87839266567,-1.6554588944,-0.49840248355,-7.4486421069,-1.7717969458
0.88014488177,-1.6902110009,-0.50591835411,-7.6593736972,-1.4945514078
0.88189709787,-1.7259117061,-0.51213978758,-7.8610252487,-1.20904589
0.88361822363,-1.7618614088,-0.51695446265,-8.0499854927,-0.92082687413
0.88533934939,-1.7986440094,-0.52044992763,-8.2296511409,-0.62516498333
0.88706047516,-1.8362169346,-0.52259316906,-8.39976772,-0.32233388563
0.88878160092,-1.8745364773,-0.52335242867,-8.5600877761,-0.012615524267
0.89047765048,-1.9129844773,-0.52271707781,-8.708254707,0.29904544117
0.89217370004,-1.9520700885,-0.52068029566,-8.8464525569,0.61682753213
0.8938697496,-1.9917484419,-0.51721547737,-8.9744660193,0.94043811565
0.89556579916,-2.0319737265,-0.51229733727,-9.0920873897,1.2695772771
0.89724298072,-2.072243585,-0.50598129455,-9.1979850943,1.6001907214
0.89892016229,-2.1129565706,-0.4981988592,-9.2933396762,1.9356065319
0.90059734385,-2.1540658687,-0.48892956762,-9.377973628,2.2755145694
0.90227452541,-2.1955239016,-0.47815433575,-9.4517176456,2.6195983449
0.90393971362,-2.2369827999,-0.46594888038,-9.5140021239,2.9650342132
0.90560490182,-2.2786898937,-0.45222561305,-9.5652442448,3.313946584
0.90727009003,-2.3205966022,-0.43697005025,-9.6053036574,3.6660081732
0.90893527824,-2.3626537502,-0.42016915112,-9.6340488716,4.0208862467
0.91059679972,-2.4047186996,-0.40185348101,-9.6513319972,4.3774534391
0.91225832121,-2.4468339962,-0.38197772399,-9.6571164131,4.7361474437
0.91391984269,-2.4889492569,-0.36053335571,-9.6512991668,5.0966227252
0.91558136417,-2.5310136704,-0.33751336894,-9.6337869396,5.4585291957
0.91725075299,-2.5731744047,-0.31279203739,-9.604329408,5.8232331573
0.9189201418,-2.6151798442,-0.28647063911,-9.5629071299,6.1886604797
0.92058953061,-2.6569774097,-0.25854680846,-9.509456082,6.5544436674
0.92225891942,-2.6985142649,-0.22901979829,-9.443922875,6.9202116043
0.92395694608,-2.7404414798,-0.197342514,-9.364826753,7.2918521531
0.92565497274,-2.7819880771,-0.16401017704,-9.2731532607,7.6626921574
0.9273529994,-2.8230979399,-0.12902724759,-9.1688812922,8.0323313807
0.92905102606,-2.8637148847,-0.092399975792,-9.0520019212,8.4003669843
0.93085026282,-2.9061523782,-0.051804262599,-8.914403043,8.7881384673
0.93264949957,-2.947906538,-0.0093831998037,-8.7626724863,9.1731703226
0.93444873633,-2.9889106939,0.034849124234,-8.5968457363,9.5549764213
0.93624797308,-3.0290983812,0.080876321679,-8.4169745112,9.9330692544
0.93800206298,-3.0674284888,0.12745864607,-8.2281613118,10.297633983
0.93975615287,-3.10485868,0.17570970962,-8.0261426275,10.65775241
0.94151024277,-3.1413283561,0.22560799503,-7.8110119392,11.012971928
0.94326433266,-3.1767773839,0.27712990243,-7.582877997,11.362840634
0.94512642208,-3.2132256202,0.33357195803,-7.3266078814,11.727892377
0.9469885115,-3.2483859443,0.39178148622,-7.0559916501,12.085869171
0.94885060092,-3.2821886789,0.45172259507,-6.7712166614,12.436236962
0.95071269034,-3.314565111,0.51335679086,-6.4724901119,12.778465364
0.95238545509,-3.342377818,0.5701342793,-6.1924267842,13.078524752
0.95405821985,-3.3689366429,0.62821341679,-5.9014660035,13.371213383
0.9557309846,-3.3941941475,0.68756101308,-5.5997990688,13.656157329
0.95740374935,-3.418103762,0.74814224523,-5.2876302273,13.932986955
0.95899593314,-3.4395678043,0.80691777972,-4.9809423858,14.188610062
0.96058811694,-3.4597307883,0.86674519757,-4.6651348191,14.436240854
0.96218030073,-3.4785550284,0.92759045193,-4.3404161208,14.675573719
0.96377248453,-3.4960037324,0.98941822908,-4.0070053183,14.906308075
0.96531752134,-3.5115867629,1.0503199052,-3.6753745434,15.121710199
0.96686255815,-3.5258088606,1.1120778472,-3.3359936178,15.328472938
0.96840759496,-3.5386390503,1.174656486,-2.9890903822,15.526337206
0.96995263178,-3.5500472989,1.2380192134,-2.6349015717,15.715049688
0.97146763724,-3.5598250124,1.3008754222,-2.2807595268,15.890968866
0.97298264271,-3.5681811331,1.3644129628,-1.9200879778,16.057623712
0.97449764817,-3.5750901817,1.4285945477,-1.5531343345,16.21479336
0.97601265364,-3.5805276785,1.493382024,-1.1801537275,16.362263457
0.977509866,-3.5844326315,1.5579657008,-0.80588948458,16.498269089
0.97900707837,-3.5868558699,1.6230646238,-0.42625624562,16.624405397
0.98050429074,-3.5877768149,1.688639633,-0.041521563816,16.740485896
0.98200150311,-3.5871759527,1.7546508496,0.3480402889,16.846331395
0.98349173072,-3.5850484502,1.8207470485,0.74029979731,16.941349417
0.98498195833,-3.5813779825,1.8871945481,1.1367802051,17.025896072
0.98647218594,-3.5761486008,1.9539520797,1.5371923768,17.099817713
0.98796241355,-3.569345499,2.0209777896,1.9412413808,17.162968845
0.98945719337,-3.5609269588,2.0884350048,2.3498759428,17.215355089
0.9909519732,-3.5508987742,2.1560760463,2.7615585513,17.256637293
0.99244675303,-3.539249599,2.2238571011,3.175975395,17.286694754
0.99394153286,-3.525969328,2.2917339005,3.5928077705,17.305415934
0.99545614964,-3.5108400491,2.3605633529,4.0173043987,17.312717981
0.99697076643,-3.4940191494,2.4293983288,4.4436081613,17.308179746
0.99848538321,-3.4755001288,2.4981915753,4.871373871,17.291715308
1.0,-3.4552778675,2.5668955186,5.3002523904,17.263249261
