2987.46378	-2.254119755	0.520623728	0.996492341	4.36539242
2987.469466	-2.248207842	0.545400274	1.082766843	4.348604444
2987.475152	-2.24180639	0.570075797	1.168663776	4.329863271
2987.480839	-2.234917684	0.594639217	1.254133732	4.30917923
2987.486525	-2.227544292	0.619079524	1.339127642	4.286563954
2987.492566	-2.219183182	0.644897228	1.428847187	4.260436812
2987.498607	-2.210282003	0.670550596	1.517916445	4.232161713
2987.504648	-2.200844858	0.696026705	1.606277969	4.201757382
2987.51069	-2.190876193	0.721312759	1.693874939	4.169244139
2987.517045	-2.179820995	0.747694014	1.785137877	4.132788926
2987.5234	-2.168188872	0.773836324	1.875427887	4.094051529
2987.529755	-2.155986211	0.799725274	1.964681236	4.053061207
2987.53611	-2.143219797	0.825346651	2.0528352	4.009849055
2987.542757	-2.129272171	0.851842335	2.143791419	3.962312512
2987.549403	-2.1147244	0.878014206	2.233408113	3.912421329
2987.55605	-2.099585615	0.903846746	2.321617244	3.860217344
2987.562697	-2.08386539	0.929324737	2.408352259	3.805744404
2987.569626	-2.066868339	0.955492712	2.497136397	3.746588477
2987.576556	-2.049262075	0.981242552	2.584175627	3.685070526
2987.583485	-2.031058933	1.006558079	2.669399867	3.621246933
2987.590414	-2.012271721	1.031423527	2.752741088	3.555176176
2987.597629	-1.992105092	1.056817429	2.837439961	3.484064026
2987.604843	-1.97133524	1.081689946	2.919954002	3.410652279
2987.612058	-1.949978184	1.106024743	3.000213673	3.335013796
2987.619273	-1.928050421	1.129806035	3.078152153	3.257223516
2987.626786	-1.904625135	1.153968488	3.156785381	3.174003531
2987.6343	-1.880618968	1.177497475	3.232762067	3.088622381
2987.641814	-1.856052133	1.200377091	3.306016217	3.0011714
2987.649327	-1.830945313	1.222592145	3.376485321	2.911743845
2987.657168	-1.80419362	1.245049235	3.44698626	2.816422156
2987.665008	-1.776901521	1.266751281	3.514327176	2.719162034
2987.672849	-1.749094031	1.287683517	3.578449168	2.620075505
2987.680689	-1.72079659	1.307832078	3.639297704	2.5192762
2987.68824	-1.693104963	1.326483771	3.694758217	2.420687161
2987.695791	-1.665006331	1.344385752	3.747094797	2.32072053
2987.703342	-1.636524431	1.361528008	3.796270101	2.219481473
2987.710893	-1.607683248	1.377901338	3.842250638	2.117075947
2987.718139	-1.579690309	1.392883268	3.883344487	2.017804144
2987.725386	-1.551410424	1.407142591	3.921445786	1.917651305
2987.732632	-1.522865358	1.420673263	3.956534774	1.8167127
2987.739878	-1.494076987	1.433469941	3.988594956	1.715083796
2987.746831	-1.466247417	1.445053543	4.016495936	1.617014858
2987.753784	-1.43823363	1.455953658	4.041587491	1.518483114
2987.760736	-1.410055185	1.466167357	4.063863339	1.41957308
2987.767689	-1.381731664	1.475692307	4.083319911	1.320369071
2987.774341	-1.354514693	1.48415919	4.09929551	1.22525552
2987.780993	-1.327200037	1.491992939	4.112690909	1.130023318
2987.787645	-1.299804854	1.499193006	4.123509758	1.034745569
2987.794297	-1.272346256	1.505759332	4.131757893	0.939494931
2987.80062	-1.246201775	1.511413923	4.137222326	0.849043726
2987.806943	-1.220030042	1.516497019	4.140379749	0.758743903
2987.813266	-1.193845616	1.521009769	4.141240498	0.668656598
2987.81959	-1.167662977	1.52495371	4.139816595	0.57884238
2987.825525	-1.14310304	1.528139625	4.136413871	0.494846839
2987.831459	-1.118569205	1.530828036	4.131023216	0.411193901
2987.837394	-1.094073231	1.533021119	4.123658499	0.327932201
2987.843329	-1.069626786	1.534721339	4.114334819	0.245109808
2987.848755	-1.047329874	1.535846813	4.104110328	0.169814477
2987.854181	-1.025092817	1.536564928	4.09227539	0.094961939
2987.859607	-1.002924313	1.536878183	4.078844144	0.020587635
2987.865033	-0.980832983	1.536789269	4.063831525	-0.05327347
2987.869644	-0.962124621	1.536399693	4.049840887	-0.115618763
2987.874255	-0.943483365	1.535723567	4.034729407	-0.177547516
2987.878867	-0.92491436	1.534762859	4.018507562	-0.239039082
2987.883478	-0.906422701	1.533519633	4.001186215	-0.300073091
2987.888331	-0.887050939	1.531908501	3.981781935	-0.363789754
2987.893185	-0.867776247	1.529989472	3.961185885	-0.426954292
2987.898038	-0.848604376	1.527765283	3.939412056	-0.489543966
2987.902891	-0.829541005	1.525238777	3.916474873	-0.55153641
2987.908431	-0.807920203	1.521989081	3.888889508	-0.621541888
2987.913971	-0.786456312	1.518353878	3.859830427	-0.690708397
2987.91951	-0.765157433	1.514337904	3.82932107	-0.75900446
2987.92505	-0.744031532	1.509946064	3.797385536	-0.826399286
2987.931133	-0.721043895	1.504696957	3.760707195	-0.899324778
2987.937216	-0.698284417	1.499007781	3.722372951	-0.971088518
2987.943298	-0.675763066	1.49288572	3.682417315	-1.041652604
2987.949381	-0.653489595	1.48633818	3.640875631	-1.110980196
2987.955942	-0.629754046	1.478807757	3.59433201	-1.184330364
2987.962503	-0.606329653	1.470801071	3.546031687	-1.256156826
2987.969064	-0.58322779	1.462328259	3.496022074	-1.326417504
2987.975624	-0.560459507	1.453399723	3.444351522	-1.395071834
2987.982636	-0.536507625	1.443365974	3.387350208	-1.466623769
2987.989648	-0.512961694	1.432837253	3.328569419	-1.536250603
2987.996659	-0.489833977	1.421827213	3.268071467	-1.603908523
2988.003671	-0.467136287	1.410349802	3.205919625	-1.669555764
2988.011133	-0.443466373	1.397638117	3.138032828	-1.737164849
2988.018595	-0.420309496	1.384430753	3.068424209	-1.802406375
2988.026057	-0.397678212	1.370745541	2.997173281	-1.865237558
2988.033518	-0.375584469	1.356600608	2.924360439	-1.925618293
2988.041456	-0.352685285	1.341070175	2.84528345	-1.987115837
2988.049393	-0.330420095	1.325062927	2.764629865	-2.045756398
2988.057331	-0.308801023	1.3086017	2.682499313	-2.101501514
2988.065268	-0.287839387	1.291709605	2.598992089	-2.154316166
2988.073375	-0.26711956	1.274036199	2.512384839	-2.205201146
2988.081482	-0.247106888	1.255962903	2.424554964	-2.252966029
2988.089589	-0.227810849	1.237515127	2.335611046	-2.297584367
2988.097696	-0.209240027	1.21871846	2.245661898	-2.339033408
2988.105759	-0.191496558	1.199702834	2.155309795	-2.37709583
2988.113823	-0.174484828	1.180393078	2.064178606	-2.411988893
2988.121886	-0.15821069	1.160814804	1.972375703	-2.443700784
2988.129949	-0.142679124	1.140993683	1.880008238	-2.472223198
2988.137751	-0.1283611	1.121607213	1.790193925	-2.496781473
2988.145553	-0.11474518	1.102040813	1.700047773	-2.51834747
2988.153355	-0.101833579	1.082317831	1.609666	-2.536922763
2988.161158	-0.089627762	1.062461572	1.519144276	-2.552511867
2988.168689	-0.07851583	1.04319006	1.431721644	-2.564734212
2988.17622	-0.068062193	1.023836926	1.344342317	-2.57419019
2988.183752	-0.058266209	1.004422966	1.25709071	-2.580891425
2988.191283	-0.049126601	0.984968865	1.170050496	-2.584851961
2988.198526	-0.040954006	0.96624017	1.086616191	-2.586090833
2988.205769	-0.033384537	0.94751158	1.003527266	-2.584826506
2988.213013	-0.026415431	0.928801166	0.92085609	-2.581077613
2988.220256	-0.020043404	0.910126841	0.838674193	-2.574864728
2988.225501	-0.015799887	0.896637035	0.779510363	-2.568840445
2988.230746	-0.011865853	0.883182164	0.720666759	-2.561545095
2988.235991	-0.008239553	0.86976887	0.6621697	-2.552988347
2988.241236	-0.004919102	0.856403742	0.604045236	-2.543180371
2988.246481	-0.001902479	0.843093313	0.546319148	-2.532131839
2988.251725	0.000812475	0.829844062	0.489016956	-2.519853913
2988.25697	0.003228049	0.816662408	0.432163887	-2.50635824
2988.262215	0.005346664	0.803554706	0.375784869	-2.491656939
2988.266531	0.006869149	0.792828204	0.329763175	-2.478663749
2988.270848	0.008193754	0.782159512	0.284092752	-2.464869908
2988.275164	0.009322022	0.771552071	0.238787028	-2.450282879
2988.27948	0.010255557	0.761009287	0.193859278	-2.434910327
2988.283651	0.010974201	0.750886222	0.150816297	-2.419316698
2988.287821	0.011514107	0.740829694	0.108150227	-2.403004205
2988.291992	0.01187687	0.730842689	0.065872646	-2.385980302
2988.296163	0.012064136	0.720928155	0.023994989	-2.368252614
2988.300367	0.012077005	0.711010466	-0.017802099	-2.34967848
2988.304571	0.011915052	0.701172338	-0.059169919	-2.330405305
2988.308775	0.011580104	0.691416693	-0.100097191	-2.310441409
2988.312979	0.011074038	0.681746416	-0.14057279	-2.289795279
2988.317102	0.010413528	0.672350099	-0.17981101	-2.268897123
2988.321224	0.009592202	0.663041251	-0.218594224	-2.247359666
2988.325346	0.008611955	0.653822489	-0.256912374	-2.225191361
2988.329468	0.007474727	0.644696397	-0.294755553	-2.202400803
2988.333451	0.006228637	0.635968894	-0.330860497	-2.179796945
2988.337435	0.004839654	0.627332551	-0.366504218	-2.15662831
2988.341418	0.003309632	0.618789603	-0.401678177	-2.132903023
2988.345401	0.001640459	0.610342249	-0.436373966	-2.108629325
2988.349246	-0.000101363	0.602279047	-0.469411363	-2.084680493
2988.353092	-0.001969352	0.5943089	-0.50198798	-2.060235847
2988.356938	-0.003961723	0.586433701	-0.534096612	-2.035303107
2988.360783	-0.006076661	0.578655311	-0.565730177	-2.009890087
2988.364582	-0.008284045	0.571069606	-0.596500736	-1.984326573
2988.36838	-0.010607401	0.563581862	-0.626794487	-1.958309963
2988.372178	-0.013044905	0.556193784	-0.656604958	-1.931848051
2988.375976	-0.015594709	0.548907049	-0.685925798	-1.904948711
2988.380085	-0.018476833	0.541141702	-0.717080832	-1.875371154
2988.384193	-0.021485744	0.53349888	-0.747648051	-1.845301356
2988.388301	-0.02461901	0.525980585	-0.777619895	-1.814749597
2988.392409	-0.027874172	0.518588776	-0.806988973	-1.783726266
2988.396983	-0.031638828	0.51050991	-0.838970425	-1.748642988
2988.401557	-0.035548021	0.502592798	-0.870185986	-1.713002758
2988.406132	-0.039598227	0.494839953	-0.9006262	-1.676820351
2988.410706	-0.043785877	0.48725382	-0.930281879	-1.640110686
2988.415671	-0.048483143	0.479210208	-0.961576006	-1.599681373
2988.420636	-0.053333452	0.471368801	-0.991924066	-1.558667937
2988.425602	-0.058332078	0.463732451	-1.021315381	-1.517090012
2988.430567	-0.063474245	0.456303911	-1.049739658	-1.474967403
2988.435872	-0.069121261	0.448599909	-1.079028307	-1.429384562
2988.441177	-0.074920668	0.441139257	-1.107190198	-1.383227363
2988.446482	-0.080866458	0.433924937	-1.134214232	-1.336520586
2988.451787	-0.086952568	0.426959797	-1.16008982	-1.289289194
2988.457394	-0.093530954	0.419871957	-1.186179135	-1.238826195
2988.463001	-0.100251968	0.413068559	-1.210962976	-1.187835157
2988.468608	-0.107108259	0.406552479	-1.234430712	-1.136346202
2988.474215	-0.114092421	0.400326423	-1.256572367	-1.084389634
2988.480095	-0.12154608	0.394111358	-1.278358046	-1.029432636
2988.485975	-0.1291235	0.388220777	-1.298665042	-0.97403026
2988.491855	-0.136815956	0.382657196	-1.317484166	-0.918218067
2988.497736	-0.144614678	0.377422919	-1.334807034	-0.862031774
2988.503866	-0.152848874	0.37231879	-1.351265737	-0.803095048
2988.509996	-0.161178937	0.36757699	-1.366082236	-0.743831532
2988.516127	-0.169594777	0.363199398	-1.379249821	-0.684282195
2988.522257	-0.178086271	0.359187638	-1.390762747	-0.624488109
2988.528619	-0.186967676	0.355412615	-1.400955886	-0.56222043
2988.534981	-0.195908232	0.352034314	-1.409357576	-0.499779653
2988.541343	-0.204896528	0.34905369	-1.415964676	-0.437211981
2988.547705	-0.213921145	0.346471403	-1.42077517	-0.374563642
2988.553944	-0.222795715	0.344326213	-1.423746993	-0.313091522
2988.560184	-0.231683431	0.342564545	-1.424990267	-0.251629949
2988.566423	-0.240573513	0.341186198	-1.424506228	-0.190222529
2988.572662	-0.249455192	0.340190697	-1.422297149	-0.128912802
2988.578285	-0.257444369	0.339620859	-1.41883066	-0.0737725
2988.583909	-0.265410126	0.339360705	-1.413968589	-0.018778659
2988.589532	-0.273344624	0.339409322	-1.407714759	0.036037021
2988.595156	-0.281240052	0.33976562	-1.400073678	0.090642946
2988.5997	-0.287585851	0.340277401	-1.392889726	0.134590871
2988.604244	-0.293896963	0.340988488	-1.384806472	0.178364716
2988.608787	-0.300169307	0.341898051	-1.375827265	0.221947973
2988.613331	-0.306398823	0.343005188	-1.365955737	0.265324197
2988.618591	-0.31355038	0.344532038	-1.353420988	0.315249951
2988.62385	-0.320632898	0.34632062	-1.339702627	0.364851109
2988.629109	-0.327640167	0.348369162	-1.32480772	0.414102515
2988.634369	-0.334566022	0.350675758	-1.308743843	0.462979164
2988.64026	-0.342219944	0.353563463	-1.289371369	0.517253815
2988.646151	-0.349755474	0.356769356	-1.268554344	0.570992339
2988.652043	-0.357164137	0.360290178	-1.246305665	0.624160309
2988.657934	-0.364437542	0.364122467	-1.222639007	0.676723604
2988.664313	-0.372150803	0.368618896	-1.195431425	0.732916401
2988.670692	-0.379685309	0.373471276	-1.166597757	0.788318128
2988.677071	-0.387030751	0.378674426	-1.136158422	0.842886745
2988.68345	-0.394176958	0.384222899	-1.104134874	0.896580731
2988.690236	-0.401549481	0.390498336	-1.068352688	0.952696917
2988.697022	-0.408673257	0.397150936	-1.030831333	1.007728093
2988.703809	-0.415536581	0.404173172	-0.99160044	1.061626279
2988.710595	-0.422127962	0.411557198	-0.950690897	1.114344291
2988.717741	-0.428762315	0.419714621	-0.905834226	1.168529506
2988.724887	-0.435069716	0.428254228	-0.859190951	1.221301508
2988.732033	-0.441037541	0.43716573	-0.810801589	1.272608171
2988.739178	-0.446653467	0.446438478	-0.7607081	1.32239851
2988.746657	-0.452141134	0.456518211	-0.706502554	1.372830766
2988.754136	-0.457216758	0.466968529	-0.65052936	1.421491705
2988.761615	-0.461867314	0.477775978	-0.592841595	1.46832702
2988.769094	-0.46608019	0.488926712	-0.533493923	1.513283966
2988.77611	-0.469623423	0.499686229	-0.476363	1.553703529
2988.783125	-0.472761031	0.510723238	-0.417868566	1.592384131
2988.790141	-0.475483616	0.522025398	-0.358059438	1.629286076
2988.797157	-0.477782133	0.533580099	-0.296985529	1.664371014
2988.803521	-0.479493136	0.544269823	-0.240529891	1.694596055
2988.809886	-0.480841756	0.555146984	-0.183114207	1.723268642
2988.81625	-0.481822007	0.566201617	-0.124778006	1.750363064
2988.822614	-0.48242816	0.577423603	-0.065561464	1.775854604
2988.828161	-0.482647073	0.587332881	-0.013263647	1.796746512
2988.833708	-0.482574181	0.597354585	0.039644483	1.816387652
2988.839255	-0.482206175	0.607481735	0.093135158	1.834763512
2988.844803	-0.481539903	0.617707276	0.147180285	1.851860188
2988.84955	-0.480730475	0.626532105	0.193856579	1.865467238
2988.854298	-0.479698561	0.635419273	0.240900235	1.878119449
2988.859046	-0.478442459	0.644364228	0.288293091	1.889809165
2988.863793	-0.476960555	0.653362384	0.336016839	1.900529068
2988.869333	-0.474944201	0.663921532	0.392089331	1.911800818
2988.874872	-0.472616143	0.674539409	0.44855753	1.921732497
2988.880411	-0.469974272	0.685208563	0.50539163	1.930314241
2988.88595	-0.467016644	0.695921493	0.562561596	1.937536837
2988.892047	-0.463394175	0.707754297	0.625838027	1.943904963
2988.898143	-0.459384905	0.719620847	0.689444033	1.948605698
2988.90424	-0.454986947	0.731510945	0.753338689	1.951629507
2988.910337	-0.450198668	0.743414346	0.81748083	1.952967841
2988.91686	-0.44464125	0.756154352	0.886341731	1.952524693
2988.923384	-0.438633979	0.76888512	0.955387562	1.950135083
2988.929908	-0.432175816	0.781593928	1.024567068	1.945792306
2988.936431	-0.425266056	0.794268021	1.093828809	1.939490978
2988.943304	-0.417497104	0.807569604	1.166833983	1.930728768
2988.950178	-0.409226432	0.820803464	1.239812551	1.919784835
2988.957051	-0.400454431	0.833954597	1.312703814	1.906657664
2988.963924	-0.39118191	0.847008003	1.385447018	1.891347396
2988.971098	-0.380971194	0.860512049	1.461149101	1.873040797
2988.978272	-0.370218424	0.87387625	1.536554458	1.852361821
2988.985446	-0.358925976	0.887083604	1.611593981	1.829316397
2988.992619	-0.347096723	0.900117169	1.686198722	1.803912423
2989.000063	-0.334259352	0.913438498	1.763072365	1.775071777
2989.007506	-0.320852042	0.926535784	1.839327265	1.743715963
2989.014949	-0.306879682	0.939390357	1.91488714	1.709860495
2989.022393	-0.292347728	0.951983687	1.989676162	1.67352315
2989.030086	-0.276745179	0.964706531	2.066090771	1.633376221
2989.03778	-0.260558463	0.977110452	2.141518545	1.590623675
2989.045474	-0.243795488	0.989175501	2.215877483	1.545292684
2989.053167	-0.226464789	1.000881963	2.289086412	1.497412929
2989.061102	-0.20800659	1.012558682	2.36329754	1.445398691
2989.069037	-0.188965042	1.023812192	2.436112892	1.390745929
2989.076971	-0.169351561	1.034621712	2.507446439	1.333495474
2989.084906	-0.149178238	1.044966814	2.577213447	1.273690869
2989.092996	-0.128044795	1.055016423	2.646653461	1.210127632
2989.101087	-0.106356774	1.064541385	2.714290855	1.144008754
2989.109178	-0.084129107	1.073521236	2.780040182	1.075388949
2989.117268	-0.061377404	1.081935984	2.843817768	1.004325674
2989.122867	-0.045336358	1.087417427	2.886750771	0.953755317
2989.128465	-0.029057777	1.092612618	2.928673827	0.902064535
2989.134063	-0.012547389	1.097515343	2.969560744	0.849274626
2989.139661	0.004188934	1.102119511	3.009385796	0.795407472
2989.14526	0.021145177	1.106419157	3.048123726	0.740485536
2989.150858	0.038315184	1.110408436	3.08574974	0.684531867
2989.156456	0.05569266	1.114081637	3.122239544	0.62757007
2989.162054	0.073271179	1.117433187	3.157569365	0.569624294
2989.167703	0.091205292	1.120483412	3.192018365	0.510183842
2989.173352	0.10933054	1.123195176	3.225239337	0.449792643
2989.179001	0.12763992	1.125563182	3.25720949	0.388477148
2989.184649	0.146126306	1.127582286	3.287906624	0.32626432
2989.190913	0.166822194	1.129407124	3.320429174	0.256266848
2989.197176	0.187716719	1.130790296	3.351331435	0.185238139
2989.203439	0.208799646	1.131725462	3.380585711	0.113217104
2989.209702	0.230060572	1.132206533	3.408165267	0.040243343
2989.215216	0.248916585	1.132249551	3.431038313	-0.024755752
2989.22073	0.267895045	1.131932284	3.452576452	-0.090434083
2989.226244	0.286988545	1.131251062	3.472763307	-0.156763343
2989.231758	0.306189592	1.130202378	3.491583116	-0.223714867
2989.23679	0.323797903	1.128921979	3.507550431	-0.285326281
2989.241821	0.341483633	1.12733039	3.522355784	-0.347409341
2989.246852	0.359240909	1.125425294	3.535988542	-0.409941504
2989.251884	0.377063807	1.12320449	3.548438519	-0.472900012
2989.257661	0.397600214	1.12026267	3.561261684	-0.545681351
2989.263437	0.418206122	1.116898955	3.572498815	-0.618959304
2989.269214	0.43887233	1.113110578	3.582136672	-0.692698422
2989.274991	0.459589564	1.108894979	3.590162822	-0.766862947
2989.281303	0.482273134	1.103797714	3.597076178	-0.848341074
2989.287615	0.504994186	1.098184825	3.602037461	-0.930236556
2989.293927	0.527740354	1.092053828	3.605033753	-1.012501567
2989.300239	0.550499202	1.085402543	3.606053322	-1.095087958
2989.306964	0.574748899	1.077740892	3.604952632	-1.183383824
2989.313689	0.598983572	1.069484539	3.601584484	-1.271930476
2989.320415	0.623187936	1.060631997	3.595939134	-1.360668548
2989.32714	0.647346652	1.05118218	3.588008402	-1.449538412
2989.334207	0.672664225	1.040609029	3.577206208	-1.542990524
2989.341273	0.697896505	1.029375435	3.563867889	-1.636452235
2989.348339	0.723025552	1.017481575	3.54798954	-1.729853577
2989.355406	0.748033416	1.004928124	3.529569191	-1.823124469
2989.362768	0.773938548	0.991149583	3.507675072	-1.920080358
2989.370129	0.799672346	0.976658315	3.483024102	-2.016738973
2989.377491	0.825214525	0.961456803	3.455620737	-2.113020836
2989.384853	0.850544856	0.945548111	3.425471717	-2.208846597
2989.392481	0.876547693	0.928320995	3.391343622	-2.307577691
2989.40011	0.902279011	0.910343183	3.35428967	-2.405645947
2989.407738	0.927716542	0.891620067	3.314325091	-2.502963677
2989.415367	0.952838159	0.872157704	3.271467727	-2.599443642
2989.423245	0.978426914	0.851289691	3.22419334	-2.698109275
2989.431123	1.003631247	0.829648578	3.173880987	-2.795693743
2989.439001	1.028427328	0.807243254	3.120559012	-2.892102667
2989.446879	1.052791581	0.784083348	3.06425866	-2.987242529
2989.454999	1.077426997	0.759433967	3.003149702	-3.083876153
2989.463119	1.101553648	0.734006147	2.938953603	-3.178962684
2989.471239	1.125146634	0.707812858	2.871714132	-3.272402828
2989.479359	1.148181448	0.68086786	2.801478198	-3.364098666
2989.487721	1.171294441	0.652348914	2.726068438	-3.45660435
2989.496083	1.193763983	0.623064959	2.647592014	-3.547053771
2989.504445	1.215564676	0.593033621	2.566110457	-3.635344787
2989.512807	1.236671679	0.56227336	2.481688625	-3.721377242
2989.52142	1.25766187	0.529847283	2.391728512	-3.807529272
2989.530034	1.277864361	0.496690308	2.298799352	-3.891075714
2989.538647	1.297253916	0.462825323	2.202982905	-3.971913974
2989.54726	1.31580605	0.428276078	2.10436438	-4.049944181
2989.55577	1.333290017	0.393493311	2.004263614	-4.12418564
2989.56428	1.349911169	0.358091149	1.901602925	-4.1955
2989.57279	1.365648101	0.322094885	1.796474195	-4.263798978
2989.5813	1.380480227	0.285530532	1.688972252	-4.328997308
2989.589141	1.393329172	0.251358642	1.587898531	-4.386258121
2989.596983	1.40537823	0.216748548	1.484971514	-4.440754284
2989.604824	1.41661318	0.181722169	1.380271875	-4.492426022
2989.612666	1.427020453	0.14630187	1.273882142	-4.541215994
2989.619683	1.435621011	0.1142911	1.177316637	-4.582387048
2989.626699	1.443539653	0.081999803	1.079527105	-4.621168843
2989.633716	1.450768008	0.049444876	0.980576366	-4.65752532
2989.640733	1.457298154	0.01664345	0.88052826	-4.691422114
2989.646739	1.462326952	-0.011613017	0.794077363	-4.718455221
2989.652744	1.4668344	-0.040026299	0.706911393	-4.7436431
2989.65875	1.470816328	-0.068585256	0.619072107	-4.766967198
2989.664755	1.474268819	-0.097278647	0.530601723	-4.788409926
2989.670204	1.476939975	-0.123417644	0.449826356	-4.806222243
2989.675652	1.479169777	-0.149649407	0.368598861	-4.822460557
2989.681101	1.480955851	-0.175965331	0.28695172	-4.837113811
2989.686549	1.482295999	-0.202356751	0.204917676	-4.850171632
2989.692157	1.483207576	-0.229591226	0.120110351	-4.86193565
2989.697766	1.48364257	-0.256886882	0.034964352	-4.871989282
2989.703374	1.483599185	-0.284234102	-0.050483795	-4.880323501
2989.708982	1.483075828	-0.311623221	-0.136197341	-4.886930077
2989.713585	1.482286699	-0.334126734	-0.206717204	-4.891056203
2989.718187	1.481172667	-0.356646541	-0.277370378	-4.89400986
2989.72279	1.479733165	-0.379177238	-0.348136221	-4.895787707
2989.727393	1.477967722	-0.401713406	-0.418994018	-4.896386768
2989.732671	1.475541557	-0.427556148	-0.500335495	-4.895619461
2989.737949	1.472685877	-0.453390732	-0.581739076	-4.893295314
2989.743228	1.469400439	-0.479208932	-0.663173186	-4.889411649
2989.748506	1.465685165	-0.505002514	-0.74460617	-4.883966445
2989.754406	1.461023719	-0.533794471	-0.835588977	-4.87603009
2989.760305	1.455825724	-0.562533841	-0.926486289	-4.8661401
2989.766205	1.450091815	-0.591209095	-1.017253597	-4.854296561
2989.772105	1.44382289	-0.619808716	-1.10784636	-4.840500597
2989.778473	1.436457297	-0.650580353	-1.205382886	-4.823421022
2989.784841	1.428471544	-0.681236	-1.302608024	-4.804073374
2989.791209	1.419867791	-0.711761226	-1.39946571	-4.782463149
2989.797577	1.410648556	-0.742141651	-1.495899978	-4.758597261
2989.804327	1.400209211	-0.774165459	-1.597578693	-4.730850885
2989.811076	1.389085635	-0.805993516	-1.698652657	-4.700591947
2989.817825	1.377282133	-0.837608907	-1.7990557	-4.667833911
2989.824574	1.364803455	-0.868994821	-1.898721969	-4.632592028
2989.83165	1.350999552	-0.90163965	-2.00236361	-4.592990356
2989.838727	1.336465555	-0.933994694	-2.105047943	-4.550698358
2989.845804	1.321208502	-0.966040994	-2.206700292	-4.505739957
2989.85288	1.305235959	-0.997759781	-2.307246604	-4.458141212
2989.860252	1.287845389	-1.030432615	-2.410729366	-4.405780744
2989.867624	1.269696946	-1.062709116	-2.512849973	-4.350620144
2989.874995	1.250800975	-1.094568772	-2.613527053	-4.292696235
2989.882367	1.231168409	-1.125991365	-2.712680269	-4.232048285
2989.890016	1.210031464	-1.158111928	-2.813865324	-4.166285422
2989.897665	1.188127453	-1.189718589	-2.913237001	-4.097684166
2989.905314	1.165470579	-1.220789829	-3.010709313	-4.026296668
2989.912963	1.142075687	-1.251304557	-3.10619784	-3.952177782
2989.920883	1.11708939	-1.282293581	-3.202895794	-3.872611708
2989.928803	1.091346299	-1.312641283	-3.297287595	-3.79024566
2989.936723	1.064865032	-1.342325754	-3.389285063	-3.705149593
2989.944644	1.037664887	-1.371325673	-3.478802234	-3.617396353
2989.952841	1.008775483	-1.400599052	-3.568755746	-3.523849363
2989.961039	0.979160226	-1.4290945	-3.655871934	-3.427624072
2989.969237	0.948842742	-1.45679042	-3.740063252	-3.328810869
2989.977435	0.917847345	-1.483665994	-3.821245173	-3.22750313
2989.985908	0.885125101	-1.510560748	-3.901904265	-3.12027382
2989.994381	0.851733721	-1.536536454	-3.979174701	-3.010592348
2990.002855	0.817702277	-1.5615728	-4.05297359	-2.898571624
2990.011328	0.783060506	-1.585650472	-4.123221993	-2.784327494
2990.019394	0.749542691	-1.607664605	-4.186730073	-2.673611277
2990.027461	0.715526061	-1.628778316	-4.246890991	-2.56109264
2990.035527	0.68103786	-1.648977488	-4.303646809	-2.446878688
2990.043593	0.64610576	-1.668248897	-4.356943186	-2.33107849
2990.051255	0.612538429	-1.685684265	-4.404319095	-2.219712546
2990.058918	0.578620364	-1.70226153	-4.448487196	-2.107112337
2990.06658	0.544376295	-1.717971608	-4.489410046	-1.993376038
2990.074242	0.509831209	-1.732806179	-4.527053353	-1.878603039
2990.08152	0.476762506	-1.746079273	-4.559743749	-1.768716543
2990.088798	0.44346683	-1.758549801	-4.589423036	-1.6580727
2990.096076	0.40996618	-1.77021257	-4.616069795	-1.54675952
2990.103354	0.376282687	-1.781063034	-4.639665305	-1.43486567
2990.110247	0.344231146	-1.790587405	-4.659185491	-1.328431606
2990.117141	0.312054567	-1.799376793	-4.675942659	-1.221633212
2990.124034	0.279772034	-1.807428948	-4.689927627	-1.11454729
2990.130927	0.247402671	-1.814742156	-4.701133459	-1.007250906
2990.137412	0.21689114	-1.820946026	-4.709133629	-0.906195713
2990.143896	0.186335728	-1.8264944	-4.714668264	-0.805087296
2990.150381	0.155752428	-1.831387144	-4.717737023	-0.703990312
2990.156865	0.125157219	-1.835624541	-4.718341342	-0.602969417
2990.162883	0.096768957	-1.838971099	-4.716700333	-0.509349198
2990.1689	0.068396939	-1.841754801	-4.712943786	-0.415901857
2990.174917	0.040053881	-1.843976843	-4.707076952	-0.322678969
2990.180935	0.011752459	-1.845638729	-4.699106404	-0.229731968
2990.186341	-0.013628304	-1.8466556	-4.690157905	-0.146503681
2990.191747	-0.038956131	-1.847223321	-4.679524335	-0.063576579
2990.197153	-0.06422193	-1.847343621	-4.667213171	0.019012391
2990.202559	-0.089416657	-1.847018428	-4.653232744	0.101226465
2990.207037	-0.110222272	-1.846413365	-4.640397226	0.169004829
2990.211514	-0.13096788	-1.845505509	-4.626428715	0.236480267
2990.215991	-0.15164842	-1.844296261	-4.611333258	0.303632198
2990.220469	-0.172258863	-1.842787117	-4.595117297	0.370440158
2990.22541	-0.194919035	-1.840775241	-4.575927302	0.443751736
2990.230352	-0.217481046	-1.838402244	-4.555390455	0.516592348
2990.235293	-0.239938265	-1.835670521	-4.533517067	0.588935017
2990.240235	-0.262284116	-1.832582598	-4.510318018	0.660752991
2990.245802	-0.287318528	-1.828680185	-4.482606967	0.741005081
2990.25137	-0.312194057	-1.824333011	-4.45324497	0.820519903
2990.256937	-0.336901558	-1.819545285	-4.422250144	0.899260287
2990.262504	-0.361431998	-1.81432142	-4.389641486	0.977189514
2990.268556	-0.387886328	-1.808153523	-4.352387094	1.060939342
2990.274608	-0.414109561	-1.801481918	-4.313275887	1.14364184
2990.28066	-0.44009054	-1.794313084	-4.272335736	1.225251743
2990.286712	-0.465818289	-1.786653764	-4.229595664	1.305724549
2990.293176	-0.493003135	-1.77794007	-4.18199668	1.390362705
2990.299639	-0.519873907	-1.76868382	-4.13241737	1.473601709
2990.306103	-0.546417929	-1.758894225	-4.080897353	1.55539033
2990.312566	-0.572622796	-1.748580819	-4.027477626	1.635678499
2990.319402	-0.599954903	-1.737114218	-3.968960234	1.718905433
2990.326238	-0.626880043	-1.725084783	-3.908417125	1.800342887
2990.333073	-0.653384545	-1.712504937	-3.845901686	1.879935975
2990.339909	-0.679455121	-1.699387465	-3.781468846	1.957631466
2990.347101	-0.706400596	-1.68502107	-3.711673298	2.037267504
2990.354293	-0.732836914	-1.670089893	-3.639885531	2.114687997
2990.361484	-0.758749991	-1.65461007	-3.566174803	2.189836995
2990.368676	-0.784126259	-1.638598126	-3.490611984	2.262660804
2990.376226	-0.81017518	-1.621234228	-3.409370255	2.336555365
2990.383776	-0.835603582	-1.603322494	-3.326252849	2.407773641
2990.391326	-0.860397625	-1.584883338	-3.241347184	2.476261609
2990.398876	-0.884544153	-1.56593756	-3.154742247	2.541968216
2990.406807	-0.909197921	-1.545513513	-3.062037042	2.607941836
2990.414738	-0.933109754	-1.524578791	-2.96766344	2.670741043
2990.422669	-0.956266842	-1.503158771	-2.871729749	2.730317305
2990.4306	-0.978657257	-1.481279178	-2.774345654	2.786625933
2990.43855	-1.000320324	-1.458912609	-2.675386279	2.839747922
2990.4465	-1.021191705	-1.436137074	-2.575194333	2.889508293
2990.45445	-1.041262048	-1.41297944	-2.473883981	2.935873625
2990.4624	-1.060522926	-1.389466801	-2.371570206	2.978814514
2990.47006	-1.078309927	-1.366499625	-2.272139256	3.016928929
2990.477721	-1.095332415	-1.343252813	-2.171988361	3.051820716
2990.485381	-1.111585271	-1.31975112	-2.071222151	3.083474055
2990.493042	-1.127064187	-1.29601939	-1.969945468	3.111876625
2990.500415	-1.141228114	-1.272984101	-1.872084678	3.136135113
2990.507788	-1.154669413	-1.249781105	-1.773942127	3.157369086
2990.515161	-1.167386349	-1.226432718	-1.675611537	3.175576622
2990.522534	-1.179377883	-1.202961238	-1.577186408	3.190758775
2990.52962	-1.190219691	-1.180306011	-1.482581381	3.202503589
2990.536707	-1.200391302	-1.15757743	-1.388057809	3.211463213
2990.543794	-1.209893583	-1.134795207	-1.293697906	3.217646217
2990.550881	-1.218727984	-1.111978972	-1.199583379	3.221063647
2990.557667	-1.226564064	-1.090115189	-1.109759663	3.221756423
2990.564454	-1.233791765	-1.068255233	-1.020306323	3.219939194
2990.57124	-1.240413841	-1.046416089	-0.931293639	3.215627898
2990.578027	-1.246433516	-1.024614615	-0.842791225	3.208840464
2990.58448	-1.251602297	-1.003933537	-0.759169415	3.200107547
2990.590934	-1.256233279	-0.983315935	-0.676130075	3.189172348
2990.597387	-1.260330407	-0.962775959	-0.593731257	3.176055171
2990.603841	-1.263898	-0.942327617	-0.512030293	3.160777858
2990.609898	-1.266768874	-0.923231073	-0.43603331	3.144494612
2990.615955	-1.269181563	-0.904238809	-0.360747183	3.126349555
2990.622012	-1.271140511	-0.885362037	-0.2862175	3.106364341
2990.628069	-1.272650435	-0.866611832	-0.21248917	3.084561742
2990.633604	-1.273641914	-0.84959549	-0.145845277	3.063066531
2990.63914	-1.274266505	-0.832702242	-0.079940955	3.040092272
2990.644676	-1.274528394	-0.815940223	-0.014808956	3.015658717
2990.650211	-1.274431946	-0.799317452	0.049518505	2.989786336
2990.654909	-1.274072404	-0.785326309	0.103452792	2.966717943
2990.659607	-1.273460951	-0.771445906	0.156765828	2.942641981
2990.664304	-1.272600549	-0.757680944	0.20943886	2.917572141
2990.669002	-1.271494247	-0.744036058	0.261453444	2.891522461
2990.673964	-1.270062001	-0.729757743	0.31566387	2.86295656
2990.678927	-1.268362661	-0.715623821	0.369098307	2.833330679
2990.683889	-1.266400128	-0.701639507	0.421736147	2.802662577
2990.688851	-1.264178407	-0.687809926	0.4735572	2.7709704
2990.694511	-1.261333395	-0.672232527	0.531637109	2.733599008
2990.700171	-1.258162822	-0.656870271	0.588600177	2.694947775
2990.70583	-1.254673091	-0.64173032	0.644418445	2.655045415
2990.71149	-1.250870754	-0.626819671	0.699064701	2.61392123
2990.7177	-1.2463467	-0.610730136	0.757648163	2.567425117
2990.72391	-1.241463397	-0.594933707	0.814754655	2.519534106
2990.730121	-1.236230121	-0.579438924	0.870351367	2.470289239
2990.736331	-1.230656343	-0.564254061	0.924406644	2.419732289
2990.74303	-1.224273279	-0.548230823	0.980952843	2.363774353
2990.749729	-1.217517642	-0.532587248	1.035633149	2.306393395
2990.756428	-1.210402053	-0.517332686	1.088412358	2.247644534
2990.763127	-1.202939355	-0.50247611	1.139256905	2.187583688
2990.770294	-1.194585883	-0.487032215	1.191474618	2.121939315
2990.777461	-1.185866351	-0.472063729	1.241404361	2.054928611
2990.784628	-1.176797284	-0.457580194	1.289011241	1.986622868
2990.791795	-1.167395443	-0.443590628	1.334262586	1.91709416
2990.799443	-1.157014721	-0.429216528	1.379918711	1.841632302
2990.807091	-1.146295328	-0.415424282	1.422823536	1.764950238
2990.814739	-1.135258432	-0.402222881	1.462945655	1.687138209
2990.822387	-1.123925414	-0.389620616	1.500256593	1.608287109
2990.829957	-1.112436461	-0.377743234	1.53439668	1.529299276
2990.837528	-1.100699641	-0.366467077	1.565735003	1.449472349
2990.845099	-1.088736246	-0.355798161	1.594252318	1.368896106
2990.852669	-1.076567685	-0.345741814	1.619932201	1.287660611
2990.859923	-1.064736332	-0.336685656	1.641862063	1.209293298
2990.867176	-1.052755436	-0.328199592	1.661165084	1.13048341
2990.87443	-1.040644083	-0.320286543	1.677833988	1.051310675
2990.881683	-1.028421388	-0.312948852	1.691863843	0.971854787
2990.888593	-1.016691845	-0.306495589	1.702772044	0.895973519
2990.895503	-1.004895215	-0.300567091	1.711282678	0.81997641
2990.902413	-0.993048063	-0.295163922	1.717397322	0.743932118
2990.909323	-0.981166928	-0.290286172	1.72111944	0.667909071
2990.915849	-0.96992903	-0.28616134	1.722442731	0.596187311
2990.922375	-0.958689431	-0.282504164	1.721642516	0.52460261
2990.928901	-0.947461969	-0.279313564	1.71872627	0.453211956
2990.935428	-0.936260419	-0.276588089	1.713702925	0.382072007
2990.941493	-0.925885024	-0.274470487	1.707154142	0.316229186
2990.947558	-0.915554821	-0.272751332	1.698803693	0.250696552
2990.953624	-0.905280707	-0.271428606	1.68866207	0.185518769
2990.959689	-0.89507351	-0.270500024	1.676740808	0.120740163
2990.964039	-0.88780134	-0.270075393	1.667103675	0.074559082
2990.968388	-0.880573052	-0.269851097	1.656562856	0.028622
2990.972737	-0.873392568	-0.26982604	1.64512358	-0.01705507
2990.977087	-0.86626378	-0.269999055	1.632791346	-0.062456227
2990.981436	-0.859190562	-0.27036891	1.619571916	-0.107565676
2990.985786	-0.852176759	-0.2709343	1.605471317	-0.152367726
2990.990135	-0.84522619	-0.271693855	1.590495834	-0.196846807
2990.994484	-0.838342646	-0.272646136	1.574652013	-0.240987472
2990.999506	-0.830484209	-0.273983201	1.555290152	-0.291504766
2991.004527	-0.822725852	-0.275572688	1.534790965	-0.34152724
2991.009548	-0.815073257	-0.277412054	1.513165779	-0.391031754
2991.014569	-0.807532047	-0.279498642	1.490426362	-0.439995418
2991.020266	-0.799117678	-0.282161958	1.463292279	-0.494866219
2991.025963	-0.79086189	-0.28513573	1.434758034	-0.54897894
2991.03166	-0.782772607	-0.288415546	1.404842825	-0.602301334
2991.037357	-0.774857639	-0.291996814	1.373566537	-0.654801618
2991.043574	-0.766427933	-0.296243459	1.337905528	-0.711120616
2991.049791	-0.758224832	-0.300836986	1.300675701	-0.766383145
2991.056009	-0.750258002	-0.305770703	1.261905644	-0.820549822
2991.062226	-0.742536925	-0.311037679	1.221624851	-0.873582001
2991.068882	-0.734553917	-0.317037551	1.176861683	-0.929056061
2991.075538	-0.726874392	-0.323402055	1.130440339	-0.983140806
2991.082194	-0.719509256	-0.330121793	1.08240039	-1.035791655
2991.08885	-0.712469145	-0.337187079	1.032782506	-1.086965086
2991.095898	-0.705379401	-0.345035008	0.978562228	-1.139500808
2991.102947	-0.698677769	-0.353247095	0.922670033	-1.190282809
2991.109996	-0.692375851	-0.361810807	0.865158136	-1.239263343
2991.117045	-0.686484872	-0.370713287	0.806079997	-1.286396122
2991.124273	-0.680881739	-0.380180951	0.743925067	-1.332765472
2991.131502	-0.675733465	-0.389976464	0.680240808	-1.377097631
2991.13873	-0.671050887	-0.400084932	0.615088822	-1.419347494
2991.145959	-0.666844383	-0.410491152	0.548531914	-1.459471691
2991.152692	-0.663363436	-0.420437506	0.485334551	-1.494894179
2991.159424	-0.660311742	-0.430615923	0.421026627	-1.528404253
2991.166157	-0.657696599	-0.441013422	0.355661624	-1.559970961
2991.172889	-0.655524939	-0.451616823	0.289293804	-1.589564738
2991.179009	-0.65394132	-0.461421955	0.228146386	-1.614728078
2991.185128	-0.65273418	-0.471375962	0.16625785	-1.638217985
2991.191248	-0.651907927	-0.481468543	0.103670571	-1.660015253
2991.197367	-0.651466703	-0.491689286	0.040427377	-1.680101664
2991.202677	-0.651398849	-0.500652845	-0.014942495	-1.696129795
2991.207986	-0.651626141	-0.509698027	-0.070745011	-1.710846374
2991.213296	-0.652150799	-0.51881784	-0.126951397	-1.724241324
2991.218605	-0.652974891	-0.528005243	-0.183532664	-1.736305148
2991.223402	-0.653978574	-0.536358554	-0.234953569	-1.746053035
2991.2282	-0.65522957	-0.544755992	-0.286634985	-1.754700783
2991.232997	-0.656729076	-0.553192264	-0.338555092	-1.762242615
2991.237794	-0.658478184	-0.561662052	-0.390691957	-1.768673158
2991.243333	-0.660809625	-0.571476631	-0.451134012	-1.774709446
2991.248873	-0.663476512	-0.581320507	-0.511801519	-1.779250447
2991.254412	-0.666479999	-0.591185379	-0.572660155	-1.782289875
2991.259951	-0.669821048	-0.601062915	-0.633675444	-1.783822173
2991.266021	-0.673870763	-0.611891524	-0.700675876	-1.783764928
2991.272091	-0.678327502	-0.622714259	-0.767777035	-1.781886757
2991.278161	-0.683191738	-0.633520053	-0.834932956	-1.778183373
2991.284231	-0.688463662	-0.64429782	-0.902097532	-1.772651559
2991.290714	-0.69454354	-0.655763813	-0.973779287	-1.764722946
2991.297196	-0.701087776	-0.667171641	-1.045361675	-1.754705526
2991.303678	-0.708095544	-0.67850776	-1.116788093	-1.742599459
2991.31016	-0.71556565	-0.689758641	-1.188001879	-1.728406333
2991.316982	-0.723924674	-0.701492023	-1.262654419	-1.711219068
2991.323803	-0.732791751	-0.713100298	-1.336942473	-1.691728912
2991.330625	-0.742164168	-0.724567776	-1.410799897	-1.669942852
2991.337447	-0.752038763	-0.73587883	-1.484160649	-1.645869647
2991.344561	-0.762867572	-0.747491213	-1.560065169	-1.618339848
2991.351675	-0.774233974	-0.758898978	-1.63528314	-1.58834814
2991.358789	-0.786132818	-0.770084663	-1.709740139	-1.55591065
2991.365903	-0.798558428	-0.781030941	-1.783362082	-1.521045613
2991.373278	-0.81199006	-0.792108239	-1.858728377	-1.482358476
2991.380654	-0.825973697	-0.802890735	-1.933036075	-1.441109118
2991.388029	-0.84050123	-0.813359625	-2.006203948	-1.397325073
2991.395405	-0.855563957	-0.823496334	-2.078151429	-1.351036307
2991.403023	-0.871673759	-0.833598005	-2.151097645	-1.300630994
2991.410641	-0.888333692	-0.843305767	-2.222569409	-1.247626637
2991.418258	-0.905532192	-0.85259997	-2.292480405	-1.192064443
2991.425876	-0.923257049	-0.861461306	-2.360745412	-1.133988345
2991.433728	-0.942063455	-0.870121702	-2.429295201	-1.071547307
2991.44158	-0.961400582	-0.878281705	-2.495916101	-1.006539345
2991.449432	-0.981252932	-0.885921378	-2.56051872	-0.939021649
2991.457283	-1.001604317	-0.893021261	-2.6230153	-0.869054394
2991.464833	-1.021626251	-0.899320872	-2.68103733	-0.799532557
2991.472382	-1.042078316	-0.905087502	-2.736957805	-0.72786346
2991.479931	-1.062944365	-0.910305168	-2.790703264	-0.654108348
2991.48748	-1.084207714	-0.91495837	-2.842201984	-0.57833089
2991.494317	-1.103793573	-0.91867294	-2.886845067	-0.508012193
2991.501154	-1.123678015	-0.921901397	-2.929537173	-0.436139746
2991.507991	-1.143847528	-0.924633295	-2.970228892	-0.362765951
2991.514828	-1.164288275	-0.926858557	-3.008872201	-0.287944739
2991.520909	-1.182683859	-0.9284041	-3.041481204	-0.220230624
2991.526989	-1.201272604	-0.929534656	-3.072401219	-0.151455542
2991.53307	-1.220044142	-0.930243897	-3.101601323	-0.081660433
2991.53915	-1.238987929	-0.930525751	-3.12905158	-0.01088712
2991.5443	-1.255157456	-0.930425893	-3.150908241	0.049781447
2991.549449	-1.271436209	-0.930011958	-3.171472146	0.111094513
2991.554598	-1.287817489	-0.929280695	-3.190726813	0.17302522
2991.559748	-1.304294513	-0.928228995	-3.208656318	0.235546296
2991.564596	-1.319889431	-0.926943251	-3.224312446	0.294926341
2991.569444	-1.335557349	-0.925368453	-3.238767855	0.354781749
2991.574293	-1.351292414	-0.923502355	-3.252010637	0.415088774
2991.579141	-1.367088721	-0.921342824	-3.264029356	0.475823376
2991.584642	-1.385078094	-0.9185347	-3.27616982	0.545220862
2991.590143	-1.403129843	-0.915343479	-3.286705108	0.615101467
2991.595644	-1.421235095	-0.911766602	-3.295620772	0.685428752
2991.601145	-1.439384905	-0.907801714	-3.302903197	0.756165859
2991.607111	-1.45910836	-0.903060697	-3.30894011	0.833300548
2991.613076	-1.478862015	-0.897858322	-3.313025917	0.910825301
2991.619042	-1.498634188	-0.892192404	-3.315146671	0.988691504
2991.625008	-1.518413119	-0.886061056	-3.315289662	1.066850077
2991.631327	-1.539357498	-0.879057275	-3.313271482	1.149900656
2991.637646	-1.560282039	-0.871527986	-3.309009425	1.233164218
2991.643965	-1.581172524	-0.863472031	-3.302493021	1.316580832
2991.650284	-1.602014687	-0.854888635	-3.293713447	1.400090143
2991.656889	-1.623732525	-0.845352749	-3.282109886	1.48741042
2991.663494	-1.64536551	-0.835240194	-3.268019707	1.574695689
2991.670099	-1.6668972	-0.824551433	-3.251438713	1.661875705
2991.676704	-1.688311143	-0.813287395	-3.232364763	1.74887995
2991.683553	-1.710372818	-0.801001986	-3.209954825	1.838831318
2991.690401	-1.732271843	-0.788101678	-3.184866891	1.928438389
2991.69725	-1.753989888	-0.7745891	-3.157105682	2.017621824
2991.704098	-1.775508678	-0.760467426	-3.126678375	2.106302257
2991.711164	-1.797482718	-0.745262796	-3.09250053	2.197187727
2991.71823	-1.819205301	-0.729418416	-3.055508176	2.28736605
2991.725296	-1.840656589	-0.712939592	-3.015717488	2.376750251
2991.732362	-1.861816887	-0.695832238	-2.97314746	2.465253698
2991.739631	-1.883261496	-0.677583851	-2.926475722	2.555292524
2991.746901	-1.904356306	-0.658684957	-2.876912482	2.644214358
2991.75417	-1.9250804	-0.639144013	-2.824487811	2.731926341
2991.761439	-1.945413108	-0.618970146	-2.769234919	2.818336436
2991.768907	-1.965872383	-0.597596222	-2.70956526	2.905656144
2991.776375	-1.985875179	-0.575576004	-2.646991992	2.991407655
2991.783843	-2.005399975	-0.552921567	-2.58156147	3.075494291
2991.79131	-2.024425633	-0.529645694	-2.513323454	3.157820802
2991.798981	-2.043427374	-0.505103775	-2.440361845	3.240455814
2991.806652	-2.061858469	-0.479935789	-2.364555395	3.321034602
2991.814323	-2.079697332	-0.454157888	-2.285969149	3.399459092
2991.821994	-2.096922917	-0.42778696	-2.204671734	3.475633378
2991.829876	-2.113961462	-0.400092285	-2.118392531	3.551458378
2991.837758	-2.130309256	-0.371810056	-2.029409613	3.624709663
2991.84564	-2.145945317	-0.342960946	-1.937809007	3.695290853
2991.853522	-2.160849381	-0.313566358	-1.843680375	3.763108616
2991.860906	-2.174131816	-0.285550495	-1.753277735	3.824061149
2991.868291	-2.186739008	-0.257093994	-1.660817382	3.882436802
2991.875676	-2.198656057	-0.228216146	-1.566381495	3.938166447
2991.88306	-2.209868697	-0.198936727	-1.470054707	3.991183733
2991.889806	-2.219484443	-0.171855515	-1.380479162	4.037191557
2991.896552	-2.228491021	-0.144471881	-1.289466413	4.080836349
2991.903298	-2.236878964	-0.116801919	-1.197086145	4.122073797
2991.910044	-2.244639293	-0.088862005	-1.10340948	4.160861767
2991.916043	-2.251005815	-0.063804233	-1.01908086	4.193262652
2991.922042	-2.256863705	-0.038558073	-0.933836491	4.223668473
2991.92804	-2.262207625	-0.013135568	-0.84772911	4.252054028
2991.934039	-2.267032561	0.012451093	-0.760812181	4.278395593
2991.93905	-2.270662086	0.033943484	-0.687619118	4.298818489
2991.944062	-2.273923559	0.055534581	-0.613930845	4.317787104
2991.949073	-2.276814578	0.077217068	-0.539779637	4.335290002
2991.954084	-2.279332907	0.098983574	-0.465198046	4.351316498
2991.95914	-2.281493711	0.121019725	-0.389555656	4.365978317
2991.964196	-2.283271146	0.143126155	-0.313542646	4.37911805
2991.969251	-2.284663426	0.165295146	-0.23719323	4.390727088
2991.974307	-2.285668937	0.187518943	-0.16054183	4.400797631
2991.979242	-2.286276067	0.209259093	-0.085457003	4.409137753
2991.984177	-2.286512072	0.231036757	-0.010149784	4.415999337
2991.989113	-2.286375937	0.252844624	0.065347302	4.421377377
2991.994048	-2.285866805	0.274675364	0.141001615	4.425267619
2991.998016	-2.285186501	0.292238548	0.201918346	4.427313982
2992.001983	-2.284264357	0.309807937	0.262898472	4.4283949
2992.005951	-2.283100155	0.327379696	0.323924899	4.428509226
2992.009919	-2.281693747	0.34494999	0.384980514	4.427656128
2992.014629	-2.279710028	0.365797011	0.4574618	4.425387356
2992.019338	-2.277384978	0.386630134	0.529931398	4.421754757
2992.024048	-2.27471872	0.407442938	0.602360633	4.416758685
2992.028757	-2.271711511	0.428229004	0.674720854	4.41040013
2992.034018	-2.267949053	0.451412053	0.755446128	4.401686857
2992.03928	-2.263762268	0.474544793	0.836009641	4.391278201
2992.044541	-2.259152113	0.497618316	0.916371606	4.379178335
