0.0,-4.960895288,0.4311626343,2.5076138562,20.175516163
0.0014614117517,-4.9504008203,0.50842816543,2.9631654737,20.103722729
0.0029228235034,-4.9381630393,0.58539531128,3.416405288,20.019970515
0.0043842352552,-4.9241914941,0.66201834454,3.8669789613,19.924338902
0.0058456470069,-4.9084970871,0.73825186396,4.3145351448,19.816918485
0.0072758885125,-4.8914810554,0.81243897177,4.7492892613,19.700472608
0.0087061300182,-4.8728393053,0.88616803437,5.1804971973,19.572938305
0.010136371524,-4.8525857504,0.95939763538,5.6078400552,19.434430968
0.01156661303,-4.8307354935,1.03208681,6.0310030623,19.285075752
0.012982619582,-4.8075457447,1.1034803903,6.4455320197,19.12665288
0.014398626134,-4.7828237861,1.1742657925,6.8553631488,18.957868968
0.015814632686,-4.756587623,1.2444047786,7.2602047901,18.77887278
0.017230639239,-4.7288563352,1.3138596794,7.6597704543,18.589821776
0.018644891554,-4.6996871454,1.3825087343,8.0532945132,18.391134437
0.02005914387,-4.6690677106,1.4504021167,8.4410009838,18.182756362
0.021473396186,-4.6370201277,1.5175041852,8.8226215302,17.964869194
0.022887648502,-4.6035674786,1.5837799878,9.1978940284,17.737662393
0.024311654479,-4.568488833,1.6496433707,9.5690818764,17.499671925
0.025735660455,-4.5320355576,1.7146001551,9.9333204413,17.252641317
0.027159666432,-4.4942340925,1.7786169505,10.290362693,16.996786536
0.028583672409,-4.4551117877,1.8416611866,10.639968932,16.732330579
0.030030507485,-4.4140385919,1.9046873884,10.987325108,16.455062464
0.03147734256,-4.3716615313,1.9666444942,11.32652995,16.169400259
0.032924177636,-4.3280119975,2.0275011049,11.657356593,15.875598403
0.034371012712,-4.2831222271,2.0872267998,11.979586817,15.573917627
0.035859693863,-4.2356744087,2.147468461,12.30194316,15.255568596
0.037348375015,-4.186985432,2.2064507849,12.614758804,14.929457493
0.038837056167,-4.137092989,2.2641440285,12.917825836,14.595887037
0.040325737319,-4.0860355643,2.320519643,13.210946746,14.255165521
0.041897347519,-4.0309131597,2.3785757714,13.509397234,13.888050531
0.04346895772,-3.9745831292,2.4351022597,13.796347289,13.513689714
0.045040567921,-3.917093321,2.4900699977,14.071603273,13.13246317
0.046612178121,-3.858492354,2.5434514536,14.334985085,12.744755937
0.04833214676,-3.7931444072,2.600023487,14.609425038,12.313482856
0.050052115399,-3.7265902925,2.6546328078,14.869244733,11.87543028
0.051772084037,-3.6588964303,2.7072499807,15.11426461,11.431118855
0.053492052676,-3.5901300072,2.7578479304,15.344324946,10.981073229
0.05515953068,-3.5225023926,2.8049506266,15.552950212,10.539786734
0.056827008683,-3.4539928414,2.8501118764,15.747273918,10.094090076
0.058494486687,-3.3846641604,2.8933134359,15.927203941,9.6444678766
0.060161964691,-3.3145795212,2.9345391843,16.092665587,9.1914055589
0.061715843025,-3.2486448791,2.9711655294,16.233780753,8.766539492
0.06326972136,-3.1821604102,3.0060542659,16.362248857,8.3395003596
0.064823599694,-3.1151777456,3.039197329,16.478049843,7.9106798961
0.066377478029,-3.0477485722,3.0705882492,16.581176421,7.4804685756
0.067892737848,-2.9816145854,3.0995069767,16.669539214,7.0599812063
0.069407997667,-2.9151530576,3.126751849,16.745871225,6.6388996036
0.070923257486,-2.8484117905,3.1523212117,16.810200007,6.2175800861
0.072438517305,-2.7814384542,3.1762148224,16.86256411,5.7963763524
0.07393842785,-2.7149616109,3.1982171549,16.902662738,5.3798976472
0.075438338395,-2.6483497769,3.2185811123,16.931144435,4.9642131112
0.07693824894,-2.5816485598,3.2373104791,16.948077434,4.5496562735
0.078438159485,-2.5149032791,3.2544103452,16.953539836,4.1365568906
0.079936863958,-2.4482125869,3.2698752976,16.947628736,3.7255706132
0.081435568432,-2.3815673491,3.283727377,16.930450138,3.3166852395
0.082934272905,-2.315011687,3.2959754712,16.902110274,2.9102167554
0.084432977379,-2.2485892861,3.3066297016,16.862724382,2.5064762949
0.08594184882,-2.181894663,3.31575757,16.812038223,2.1030626337
0.087450720262,-2.1154225061,3.3232941607,16.750416743,1.7030312012
0.088959591703,-2.0492158458,3.3292534677,16.678003815,1.3066831186
0.090468463144,-1.9833171259,3.3336506661,16.594951611,0.91431356778
0.091998720153,-1.9168418474,3.336531477,16.500020212,0.52074298141
0.093528977161,-1.8507692681,3.3378406159,16.394485961,0.13185661513
0.09505923417,-1.7851416133,3.3375974792,16.278532114,-0.25205763795
0.096589491178,-1.7200003567,3.3358226052,16.152349597,-0.63071899991
0.098154595808,-1.6539212259,3.3324454322,16.012919637,-1.0122846931
0.099719700438,-1.5884361236,3.32751296,15.863217193,-1.3877849382
0.10128480507,-1.523586789,3.3210506776,15.703469539,-1.7569435596
0.1028499097,-1.4594140126,3.3130851911,15.533911047,-2.1194928821
0.10447058883,-1.3937180266,3.303282184,15.348249453,-2.4876741443
0.10609126796,-1.3288332601,3.2919289516,15.152601623,-2.8482130087
0.1077119471,-1.2648016,3.2790585786,14.9472496,-3.2008420379
0.10933262623,-1.2016637188,3.2647052655,14.732482051,-3.5453041654
0.11105710551,-1.1355077085,3.2478437937,14.493950696,-3.9025835379
0.11278158479,-1.0704541908,3.2293870642,14.245455626,-4.2500534176
0.11450606406,-1.0065474355,3.2093800979,13.987366283,-4.5874435947
0.11623054334,-0.94383002533,3.1878691078,13.720058535,-4.9144976339
0.1180313093,-0.87965182579,3.1638525209,13.431500216,-5.2447250361
0.11983207526,-0.81685958731,3.1383026884,13.133747227,-5.5631571275
0.12163284122,-0.75549571961,3.1112759474,12.82724629,-5.8695504448
0.12343360718,-0.69560050851,3.0828297467,12.512449272,-6.1636781189
0.12520256299,-0.63823023036,3.0535605804,12.1955773,-6.4404639376
0.12697151881,-0.58234810925,3.0230344373,11.871576554,-6.7050269141
0.12874047462,-0.52798622884,2.9913084703,11.540886459,-6.9571986798
0.13050943044,-0.47517462631,2.9584405782,11.203949017,-7.1968261947
0.1323151472,-0.42289352254,2.9237727254,10.854027398,-7.4283524542
0.13412086395,-0.37228448771,2.8880389912,10.498532827,-7.6465339169
0.13592658071,-0.32337281247,2.8513029053,10.137940383,-7.8512566668
0.13773229747,-0.27618153418,2.813628499,9.7727257239,-8.0424229946
0.13945317531,-0.23282758044,2.7769099877,9.4208043835,-8.2119167061
0.14117405315,-0.19107113465,2.7394538926,9.0655284598,-8.3689664397
0.14289493099,-0.15092642319,2.7013165309,8.7073085556,-8.5135279258
0.14461580883,-0.1124058202,2.6625543913,8.3465541179,-8.6455697117
0.14631123068,-0.076053531262,2.6238097383,7.9890545281,-8.7633966807
0.14800665252,-0.041296200981,2.5845677829,7.6298791242,-8.8690472425
0.14970207436,-0.0081404278194,2.5448827076,7.2694141011,-8.9625268892
0.15139749621,0.023408903184,2.504808645,6.9080432384,-9.0438525474
0.15308608645,0.053231202095,2.4645630567,6.5476064027,-9.1127978632
0.15477467669,0.081455343504,2.4240384478,6.1870225526,-9.1697536915
0.15646326694,0.1080814971,2.3832878562,5.8266619454,-9.2147695226
0.15815185718,0.13311146601,2.342364077,5.4668913259,-9.2479053773
0.15984426287,0.15659982943,2.3012267805,5.1072642696,-9.2692665048
0.16153666857,0.1784932825,2.2600207885,4.7489559003,-9.2788456835
0.16322907426,0.19879847786,2.2187982442,4.3923232959,-9.2767340131
0.16492147996,0.21752364447,2.1776108642,4.0377189963,-9.2630324241
0.16662524696,0.23478845013,2.1362343898,3.6831350528,-9.2376439213
0.16832901396,0.25047341697,2.0949972572,3.3313089484,-9.2007438921
0.17003278096,0.26459165076,2.0539506586,2.9825850754,-9.1524642265
0.17173654796,0.27715778517,2.0131451759,2.6373022873,-9.0929460481
0.17345765462,0.28829237921,1.9722200833,2.2923386293,-9.0215644701
0.17517876128,0.297877758,1.9316427498,1.9515636488,-8.9390315902
0.17689986794,0.30593359494,1.8914631688,1.6153082289,-8.8455202006
0.1786209746,0.31248104358,1.8517305333,1.2838967066,-8.7412117754
0.18036451467,0.31759898074,1.8119852503,0.95342973165,-8.6247292501
0.18210805475,0.32121714092,1.772797618,0.62858269749,-8.4975673848
0.18385159482,0.32336196988,1.7342160259,0.30967116859,-8.3599406094
0.18559513489,0.32406134035,1.6962878633,-0.0029968755964,-8.2120714965
0.18736571792,0.32332240841,1.6584878114,-0.31381619445,-8.0516641374
0.18913630095,0.32115509824,1.6214568309,-0.61758111962,-7.881181395
0.19090688398,0.31759289141,1.5852411548,-0.91399408504,-7.7008805409
0.19267746702,0.31267063235,1.5498858029,-1.2027662041,-7.5110264319
0.19447957363,0.30630151519,1.5148296293,-1.488544257,-7.3082634447
0.19628168024,0.29860045741,1.48075482,-1.7658310596,-7.0961804836
0.19808378686,0.28960828332,1.4477047525,-2.0343505616,-6.8750792917
0.19988589347,0.27936709982,1.4157213601,-2.2938365689,-6.6452685976
0.20172439247,0.26767697837,1.3842332534,-2.5489879904,-6.4021692093
0.20356289147,0.25477931033,1.3539387858,-2.7942094969,-6.1506751592
0.20540139047,0.24072262559,1.3248776322,-3.0292509005,-5.8911348748
0.20723988948,0.22555663455,1.2970877706,-3.2538731685,-5.6239031005
0.20912107965,0.20894327459,1.2700063308,-3.4726889307,-5.3428809223
0.21100226982,0.19127735274,1.2443307939,-3.6801259194,-5.0545763126
0.21288345999,0.17261560429,1.2200961396,-3.8759649876,-4.7593878086
0.21476465016,0.15301581552,1.1973353658,-4.0599996371,-4.4577195023
0.21669883031,0.1319477547,1.1755028009,-4.2367065362,-4.1412283741
0.21863301046,0.1100151115,1.1552925138,-4.4005333917,-3.8187702598
0.22056719061,0.087283748069,1.1367336461,-4.5512981643,-3.4908004565
0.22250137076,0.063820414038,1.1198530161,-4.6888333183,-3.1577789286
0.22451139895,0.038733924625,1.1041149103,-4.8175798359,-2.8068437535
0.22652142715,0.013006586468,1.0902404163,-4.9317188218,-2.451479823
0.22853145535,-0.013284156727,1.0782515059,-5.0311125556,-2.0922166936
0.23054148355,-0.040060180062,1.0681673474,-5.1156405574,-1.7295875342
0.23271021487,-0.069403963599,1.0594420158,-5.1900514865,-1.3351690097
0.23487894619,-0.099121506513,1.0529699062,-5.2469297887,-0.93813354199
0.2370476775,-0.12911275088,1.0487639818,-5.2861921597,-0.53916121384
0.23921640882,-0.15927723189,1.0468333275,-5.3077789661,-0.13893438785
0.24145896902,-0.19054361558,1.0472352122,-5.3114742771,0.27550890946
0.24370152921,-0.22177596687,1.050076809,-5.296218879,0.68980489633
0.24594408941,-0.25286275967,1.0553550209,-5.2620270152,1.1031960946
0.24818664961,-0.28369263192,1.0630622935,-5.2089401636,1.5149255956
0.2502038407,-0.31111302384,1.0720603506,-5.145102441,1.8832342671
0.25222103179,-0.33815519208,1.0830023094,-5.066100765,2.2490386611
0.25423822288,-0.36473906455,1.0958734614,-4.9720218148,2.6117923285
0.25625541397,-0.39078507528,1.1106562115,-4.8629700768,2.9709512355
0.25817829945,-0.41504029656,1.1265087582,-4.7451893157,3.3094765294
0.26010118493,-0.43866718591,1.1440596136,-4.6140349362,3.6437776644
0.26202407041,-0.46159857589,1.1632862869,-4.4696424837,3.9733919788
0.2639469559,-0.48376802002,1.184163961,-4.3121620815,4.297860404
0.26580587053,-0.5044138511,1.2058911156,-4.1476333707,4.6062145337
0.26766478516,-0.52422767444,1.2291093677,-3.9711884871,4.9089268319
0.26952369979,-0.54315176394,1.2537902019,-3.7830016432,5.2055942138
0.27138261442,-0.56112927419,1.2799031468,-3.583259579,5.4958181119
0.27319262515,-0.57767102657,1.3066743576,-3.3778587098,5.7718403796
0.27500263588,-0.59321164196,1.3347409486,-3.1618865984,6.0410217001
0.27681264661,-0.60770137963,1.3640695742,-2.9355494801,6.3030083612
0.27862265734,-0.62109150486,1.3946252207,-2.6990645715,6.5574519472
0.28039358036,-0.63308239653,1.4256733541,-2.4580843228,6.7987708099
0.28216450337,-0.64393137878,1.4578251683,-2.2078318447,7.0322250527
0.28393542638,-0.65359588747,1.4910433807,-1.9485406076,7.257504788
0.28570634939,-0.66203446641,1.525289282,-1.6804537931,7.474306117
0.2874457683,-0.66909050566,1.5598875804,-1.4088184765,7.6787090596
0.2891851872,-0.67488788708,1.5953993446,-1.1291900578,7.8743695166
0.29092460611,-0.67939069873,1.6317840387,-0.84182572055,8.0610179905
0.29266402502,-0.68256422265,1.6689999117,-0.54699125865,8.2383916135
0.29437853501,-0.68435881069,1.7064544388,-0.24933558634,8.4038992785
0.29609304501,-0.68479851086,1.7446325794,0.055040700163,8.5599087502
0.29780755501,-0.68385370047,1.783491063,0.36585923016,8.706188703
0.299522065,-0.68149602683,1.8229855941,0.68283401267,8.8425150608
0.30121797407,-0.67774745823,1.8626329866,1.0021386713,8.9673578634
0.30291388314,-0.67256515428,1.9028136362,1.3268885145,9.0820477679
0.3046097922,-0.66592553544,1.943481909,1.6567856133,9.186390265
0.30630570127,-0.65780636344,1.9845913225,1.9915253397,9.2801987227
0.30798960005,-0.64826021547,2.0257993831,2.3283786368,9.3627441898
0.30967349883,-0.63721575547,2.067348671,2.6693886307,9.4345616228
0.31135739761,-0.62465530837,2.109191413,3.014238523,9.4954927242
0.31304129638,-0.61056261228,2.1512791548,3.3626057002,9.5453877411
0.31472076508,-0.59496602972,2.1934513413,3.7132331266,9.5840185884
0.31640023377,-0.57781724331,2.2357690877,4.0667017938,9.6114000751
0.31807970246,-0.55910446686,2.278182528,4.4226755221,9.6274103096
0.31975917115,-0.53881740717,2.3206412796,4.7808131917,9.6319367006
0.32144406297,-0.51687409116,2.3632315015,5.141933843,9.6248344758
0.3231289548,-0.49333015899,2.4057643434,5.5045305922,9.6059760732
0.32481384663,-0.46817987285,2.4481876197,5.8682454121,9.5752772511
0.32649873845,-0.44141908742,2.4904487952,6.2327162345,9.5326639941
0.3282045395,-0.41268301333,2.5330152392,6.6021059535,9.4773197431
0.32991034054,-0.3822926892,2.5753062665,6.9715122273,9.4096433993
0.33161614158,-0.350248906,2.6172665557,7.3405483765,9.3295913747
0.33332194263,-0.31655419306,2.6588406163,7.7088246471,9.2371315994
0.33508374075,-0.28002481354,2.7013149722,8.0879761761,9.1285896681
0.33684553887,-0.24174560013,2.7432566601,8.4654631863,9.0067811489
0.338607337,-0.20172526226,2.7846043315,8.8408481522,8.8717105932
0.34036913512,-0.15997453739,2.8252966911,9.213691593,8.7233964336
0.34217297099,-0.11544815068,2.8662171544,9.5923375306,8.5578560207
0.34397680686,-0.069137142174,2.9063210569,9.9673822874,8.3785168659
0.34578064273,-0.021059689294,2.945543212,10.338350612,8.1854450722
0.3475844786,0.028763779636,2.9838187835,10.704767048,7.9787226843
0.34939516976,0.080509739561,3.0212229666,11.067519652,7.7575849779
0.35120586091,0.13396694097,3.0575438102,11.424727167,7.5229072622
0.35301655207,0.1891078899,3.0927172665,11.77591131,7.2748217658
0.35482724322,0.24590282375,3.1266799561,12.120595792,7.0134773629
0.35658935869,0.30273167879,3.1585094356,12.449342106,6.7465714104
0.35835147417,0.36106509423,3.1890759343,12.771050343,6.4674330251
0.36011358964,0.42086951799,3.2183232887,13.085290122,6.1762451419
0.36187570511,0.48210941615,3.2461962164,13.391634945,5.8732057707
0.36352522726,0.54070388052,3.2709944509,13.670876534,5.5789785973
0.36517474941,0.60049109221,3.2944969026,13.9424876,5.2747394049
0.36682427155,0.66143727731,3.3166606455,14.206130057,4.9606864363
0.3684737937,0.72350720797,3.3374436364,14.461470427,4.6370293982
0.37006496431,0.78441192749,3.356144576,14.699603779,4.3159281588
0.37165613491,0.84629403466,3.3734864239,14.929416242,3.9863044621
0.37324730551,0.90911817734,3.389434036,15.150622777,3.6483764928
0.37483847612,0.97284782404,3.4039532,15.362943711,3.3023720777
0.37639252221,1.0359285268,3.4167229186,15.561471363,2.9568717977
0.37794656831,1.0998008703,3.4280683132,15.751012134,2.6041237752
0.37950061441,1.1644276942,3.4379603011,15.931322156,2.2443663035
0.3810546605,1.2297708557,3.4463707891,16.102163667,1.8778460211
0.38258501022,1.2947796752,3.4531789191,16.260922124,1.5105533573
0.38411535993,1.3604070151,3.4584992765,16.410059635,1.1372007081
0.38564570965,1.4266138065,3.4623080345,16.549368205,0.75804653191
0.38717605937,1.4933601585,3.4645824191,16.678646695,0.37335657252
0.38869345702,1.5600342783,3.4653012441,16.796736886,-0.013274633682
0.39021085467,1.6271584596,3.464470158,16.904593319,-0.40480730192
0.39172825232,1.6946915893,3.4620701919,17.002041446,-0.80096216713
0.39324564997,1.7625918744,3.458083502,17.08891437,-1.201453624
0.39476042521,1.830698707,3.4525044458,17.164930836,-1.6052874615
0.39627520046,1.899086291,3.4453120651,17.230100046,-2.0128560148
0.3977899757,1.9677112104,3.4364921081,17.28428023,-2.4238574804
0.39930475094,2.0365295018,3.4260315341,17.327338159,-2.8379846119
0.4008288456,2.1059213652,3.4138388728,17.359310019,-3.257498154
0.40235294026,2.1754181685,3.399962641,17.379778739,-3.6795362713
0.40387703492,2.2449736709,3.3843933938,17.388636154,-4.103770829
0.40540112958,2.3145412185,3.3671230082,17.385783725,-4.529869152
0.40695192865,2.3852914985,3.3477969119,17.370770369,-4.9649984908
0.40850272772,2.4559556513,3.3266968157,17.343458601,-5.4013494177
0.41005352679,2.5264834624,3.3038184849,17.303776577,-5.8385588539
0.41160432586,2.5968244473,3.2791591701,17.251663591,-6.2762601446
0.41321877035,2.6697991546,3.2515943743,17.1841521,-6.7320490233
0.41483321484,2.7424590057,3.2220983957,17.103072399,-7.1875494024
0.41644765933,2.8147464346,3.190673354,17.00839567,-7.642337756
0.41806210381,2.886603782,3.1573231689,16.900106947,-8.095988102
0.41978147924,2.9625937655,3.1196949584,16.769811349,-8.5773912706
0.42150085466,3.037960844,3.0798989302,16.624092411,-9.0564993683
0.42322023008,3.1126354792,3.0379466166,16.462985014,-9.5327923172
0.4249396055,3.1865483324,2.9938518987,16.286542561,-10.005749457
0.42662319611,3.2581182376,2.9486145322,16.098981934,-10.465129738
0.42830678673,3.3288270237,2.901355987,15.896871964,-10.920324447
0.42999037734,3.3986106115,2.852095837,15.680314949,-11.370847004
0.43167396795,3.4674054126,2.8008558022,15.449430478,-11.816212866
0.43322633805,3.529907687,2.7518755876,15.223963272,-12.221881058
0.43477870814,3.5914667833,2.7012526504,14.986551494,-12.622380052
0.43633107824,3.6520342945,2.6490088149,14.737327923,-13.017337472
0.43788344833,3.71156238,2.5951674161,14.476437738,-13.406384238
0.43937843799,3.76786352,2.5418292557,14.214310089,-13.775122506
0.44087342765,3.8231152532,2.4870559515,13.941659808,-14.137717451
0.4423684173,3.8772765998,2.4308722387,13.658648771,-14.493850392
0.44386340696,3.9303072356,2.3733040947,13.365449208,-14.843206978
0.44532564794,3.9810443114,2.315683861,13.068991354,-15.178057944
0.44678788892,4.030625353,2.2567917764,12.763141105,-15.505844785
0.4482501299,4.0790146694,2.1966554951,12.448087695,-15.826287353
0.44971237088,4.1261773131,2.1353037365,12.124029354,-16.139110752
0.45115658235,4.1715209532,2.0735444534,11.795330013,-16.44033487
0.45260079381,4.2156025019,2.0106581736,11.458256268,-16.733609902
0.45404500528,4.2583906184,1.9466755044,11.113024047,-17.01868786
0.45548921674,4.2998547956,1.8816279817,10.759857207,-17.295326905
0.45692686365,4.3397861739,1.8158506952,10.400644738,-17.562093569
0.45836451056,4.3783478787,1.7490832293,10.03403503,-17.820038928
0.45980215747,4.415512451,1.681359289,9.6602711824,-18.068944198
0.46123980438,4.4512533621,1.6127133916,9.2796032989,-18.308597675
0.46268181879,4.4856469817,1.5429682909,8.8911017761,-18.539479688
0.4641238332,4.5185577337,1.4723675352,8.4961785484,-18.76064937
0.4655658476,4.5499618235,1.4009482517,8.095105864,-18.971916013
0.46700786201,4.5798364991,1.3287482744,7.6881621108,-19.173097024
0.46846694827,4.6084860168,1.254938272,7.2707153689,-19.36621629
0.46992603452,4.6355261541,1.1804089778,6.8478491423,-19.548659644
0.47138512078,4.6609367381,1.1052015955,6.4198693502,-19.720264607
0.47284420703,4.6846987778,1.0293579331,5.9870871992,-19.880878055
0.47433921916,4.7073173638,0.95103118326,5.5389985315,-20.033895251
0.4758342313,4.728168744,0.87212709402,5.0865453132,-20.175078404
0.47732924343,4.7472364756,0.79269237116,4.6300775081,-20.30429454
0.47882425556,4.7645054979,0.7127742206,4.1699494789,-20.421421757
0.48039982215,4.7807432823,0.62807922688,3.6814623137,-20.531654731
0.48197538875,4.7949538451,0.54295653772,3.189731846,-20.628222233
0.48355095534,4.8071246561,0.45746288614,2.6951858887,-20.711022591
0.48512652193,4.8172449618,0.37165539604,2.198255708,-20.779968475
0.48706885097,4.8268859061,0.26552683895,1.5830123355,-20.845789434
0.48901118001,4.8333840646,0.15911687394,0.96562408342,-20.890339294
0.49095350905,4.8367305972,0.052534148906,0.34691332847,-20.913545985
0.49289583808,4.8369208631,-0.054112407639,-0.27229505499,-20.915371498
0.49446666032,4.834765845,-0.14033282497,-0.77286660434,-20.901206132
0.49603748256,4.8305479067,-0.22646601244,-1.2727867412,-20.87306763
0.4976083048,4.8242706331,-0.31245440837,-1.771619616,-20.830984896
0.49917912704,4.8159394037,-0.39824060027,-2.2689306888,-20.775001387
0.50067648533,4.8060922445,-0.47977408774,-2.7411702886,-20.708748251
0.50217384361,4.7943929712,-0.56102253414,-3.2112610458,-20.62997911
0.50367120189,4.7808507585,-0.64193688686,-3.6788325222,-20.538768165
0.50516856017,4.7654762322,-0.72246840801,-4.1435170476,-20.435201338
0.50662950664,4.7487210804,-0.80062637906,-4.593770653,-20.32233732
0.50809045311,4.7302456413,-0.8783292892,-5.0405936699,-20.197904972
0.50955139957,4.7100637081,-0.9555329847,-5.4836543943,-20.062015692
0.51101234604,4.6881903388,-1.0321937585,-5.9226250412,-19.914791014
0.51245512915,4.664944824,-1.1073263539,-6.3518077841,-19.758400368
0.51389791227,4.6400824592,-1.1818461546,-6.7763786989,-19.591218797
0.51534069539,4.6136212853,-1.2557125646,-7.1960352175,-19.413391575
0.5167834785,4.5855804796,-1.3288855549,-7.6104797277,-19.225072987
0.51822075801,4.5560961862,-1.4010508082,-8.0178707281,-19.027203322
0.51965803751,4.5250855773,-1.4724504371,-8.4195156395,-18.819253843
0.52109531701,4.492570858,-1.5430467453,-8.8151365868,-18.601402627
0.52253259652,4.4585752703,-1.6128027238,-9.2044616624,-18.373835842
0.52397536181,4.4229850003,-1.6819432518,-9.5886731842,-18.135824651
0.52541812711,4.385952521,-1.7501644981,-9.9660107373,-17.88842319
0.52686089241,4.3475043515,-1.8174312976,-10.336218926,-17.631843023
0.52830365771,4.3076679648,-1.8837093005,-10.699049379,-17.366303003
0.52976351767,4.2659756136,-1.9497319219,-11.058423076,-17.088727862
0.53122337763,4.2229213951,-2.0146740601,-11.409754251,-16.802451683
0.5326832376,4.1785365802,-2.0785028448,-11.752808897,-16.507722359
0.53414309756,4.1328533203,-2.1411863678,-12.087361226,-16.204794312
0.53563519585,4.0848538177,-2.2040384799,-12.420289252,-15.886975752
0.53712729414,4.0355684892,-2.2656299645,-12.74388539,-15.561149459
0.53861939243,3.9850343062,-2.325930025,-13.057936362,-15.227606298
0.54011149072,3.9332890562,-2.3849090155,-13.36223861,-14.886642933
0.54166270774,3.878251042,-2.4447936287,-13.668053959,-14.524627778
0.54321392476,3.8219899651,-2.5031890191,-13.962917347,-14.155264694
0.54476514179,3.7645508203,-2.560065979,-14.246634492,-13.778904498
0.54631635881,3.7059793691,-2.6153967393,-14.519023113,-13.395903097
0.54801192413,3.6407171397,-2.6740765894,-14.803599624,-12.97008998
0.54970748946,3.5742192292,-2.7308453396,-15.074232573,-12.537249692
0.55140305478,3.5065481219,-2.7856727835,-15.330734031,-12.097864139
0.5530986201,3.4377670993,-2.8385308703,-15.572933759,-11.652419865
0.55482220859,3.3667776922,-2.8902174521,-15.804321094,-11.193909386
0.55654579708,3.294775427,-2.9398174476,-16.020631239,-10.730163871
0.55826938557,3.2218288016,-2.9873083497,-16.221741931,-10.261704724
0.55999297406,3.1480068243,-3.0326700151,-16.407549928,-9.7890553582
0.56160298069,3.0783202199,-3.0731032898,-16.567215467,-9.3442313433
0.56321298731,3.00798728,-3.1116505667,-16.713401264,-8.8966371823
0.56482299393,2.9370650613,-3.1483010427,-16.846067892,-8.4467009114
0.56643300056,2.8656107568,-3.1830457228,-16.965190163,-7.9948499899
0.56798311269,2.7963653363,-3.2146903594,-17.067072565,-7.5583973623
0.56953322482,2.7267309067,-3.2445568424,-17.156391708,-7.1209444163
0.57108333695,2.6567585628,-3.2726418697,-17.233161926,-6.6828686275
0.57263344908,2.5864993173,-3.2989436709,-17.297409344,-6.2445453605
0.57415708226,2.5172099527,-3.3230581456,-17.3483921,-5.8138296855
0.57568071544,2.4477407231,-3.3454507419,-17.387359415,-5.3835866242
0.57720434862,2.3781395733,-3.3661240476,-17.414368558,-4.9541645857
0.5787279818,2.3084541982,-3.3850820373,-17.429487215,-4.5259086604
0.58024193482,2.2391749911,-3.402225861,-17.43280942,-4.1018661391
0.58175588784,2.1699056164,-3.4176879505,-17.424554979,-3.6796432814
0.58326984085,2.1006918936,-3.4314761882,-17.404819789,-3.2595671048
0.58478379387,2.0315792424,-3.4435997475,-17.373709172,-2.8419602256
0.58629998882,1.9625106495,-3.4540833584,-17.331266648,-2.4265285487
0.58781618376,1.8936332557,-3.4629195904,-17.277654007,-2.014206819
0.58933237871,1.8249912564,-3.4701214379,-17.21300421,-1.6053042344
0.59084857365,1.7566283006,-3.475703115,-17.137458843,-1.2001245435
0.59237751847,1.688016782,-3.4797067197,-17.050397156,-0.79561031734
0.59390646329,1.6197763522,-3.4820954817,-16.952570647,-0.39548455448
0.59543540811,1.5519498763,-3.4828876041,-16.844149702,-4.0499734754e-05
0.59696435293,1.4845795196,-3.4821024541,-16.725312643,0.39043513575
0.59851718428,1.4166661376,-3.4797117135,-16.59414894,0.78163761741
0.60007001563,1.3493085816,-3.4757378417,-16.452635698,1.1671404272
0.60162284697,1.2825486119,-3.470204641,-16.300983179,1.5466651271
0.60317567832,1.2164271173,-3.4631370332,-16.139408943,1.9199410158
0.60476672901,1.1493822478,-3.4543311597,-15.963801814,2.2956480481
0.6063577797,1.0830916504,-3.4439708581,-15.778263256,2.6642451069
0.60794883039,1.0175962716,-3.432086379,-15.583049187,3.0254673456
0.60953988109,0.95293597536,-3.4187090598,-15.37842224,3.379059119
0.61119347721,0.88666039878,-3.403258631,-15.15606496,3.7382002087
0.61284707334,0.82137091097,-3.3862681929,-14.924139767,4.0885674505
0.61450066947,0.75710836081,-3.3677763855,-14.682962178,4.4299063536
0.6161542656,0.69391221412,-3.3478229292,-14.432853916,4.7619737259
0.61793896449,0.62694603769,-3.3246943856,-14.153272761,5.1096985469
0.61972366338,0.56131234562,-3.2999632432,-13.864089139,5.446077194
0.62150836227,0.49705512971,-3.2736832724,-13.565728528,5.7708489944
0.62329306116,0.43421637413,-3.2459094278,-13.258622514,6.0837690618
0.62509102033,0.37238552923,-3.2164754989,-12.940834731,6.3867978313
0.62688897951,0.31207357903,-3.1856407147,-12.615066804,6.6773477951
0.62868693868,0.25331711159,-3.1534644515,-12.281775193,6.9552174768
0.63048489785,0.19615055142,-3.1200069976,-11.94142025,7.2202217879
0.63230310423,0.13998999931,-3.0849322595,-11.59052274,7.4749546867
0.63412131061,0.085519398619,-3.0486738325,-11.233358495,7.7162008165
0.63593951698,0.032767503873,-3.011296427,-10.870412099,7.9438196825
0.63775772336,-0.018239247277,-2.9728653834,-10.502169809,8.157687714
0.63950634558,-0.065625212961,-2.9349725653,-10.143478577,8.3502997746
0.6412549678,-0.11135531861,-2.8962251856,-9.7807738551,8.5300141774
0.64300359002,-0.15541213744,-2.8566826029,-9.4144896236,8.6967647179
0.64475221224,-0.19778023371,-2.8164044473,-9.0450594156,8.8504992387
0.64645300834,-0.23735666281,-2.7765791438,-8.6831266312,8.9875056763
0.64815380445,-0.27531217808,-2.7361697632,-8.3190239169,9.1121394244
0.64985460056,-0.31163797454,-2.6952315719,-7.9531466873,9.224389951
0.65155539667,-0.34632700842,-2.6538198565,-7.5858884833,9.3242587462
0.65323761967,-0.37902199014,-2.6124487289,-7.2216659594,9.4108703677
0.65491984268,-0.41010713971,-2.570721804,-6.8568515294,9.485406455
0.65660206569,-0.43958066854,-2.5286923313,-6.4918186497,9.5479022231
0.6582842887,-0.46744243048,-2.4864133808,-6.1269377406,9.5984037475
0.6599622049,-0.49362875402,-2.4440467504,-5.7635077825,9.6368842577
0.66164012111,-0.51821609929,-2.4015366637,-5.4009549976,9.6635550875
0.66331803731,-0.54120911678,-2.3589349709,-5.0396362769,9.6784931815
0.66499595352,-0.56261401994,-2.3162931611,-4.6799044278,9.6817855035
0.6666791384,-0.58249833793,-2.2735285308,-4.320987869,9.6734848506
0.66836232329,-0.60080173617,-2.230826057,-3.9643660117,9.6536700426
0.67004550818,-0.61753511101,-2.1882363583,-3.6103811441,9.6224580582
0.67172869307,-0.63271085995,-2.1458095156,-3.2593704695,9.5799752093
0.67342474904,-0.64644119353,-2.1032731708,-2.9090206379,9.5259043988
0.67512080502,-0.65861977273,-2.0610024617,-2.5623615951,9.4606749594
0.67681686099,-0.66926376142,-2.0190467227,-2.21972137,9.384443561
0.67851291697,-0.67839177041,-1.9774545709,-1.8814219083,9.2973756024
0.68022862167,-0.68610356622,-1.935799391,-1.5439421629,9.198451025
0.68194432637,-0.6923067407,-1.8946139715,-1.2115474283,9.0888039769
0.68366003107,-0.69702490254,-1.8539461626,-0.88455081019,8.968631494
0.68537573577,-0.70028305457,-1.8138429089,-0.56325829806,8.8381387781
0.68711773654,-0.70212451559,-1.7737499106,-0.24318450359,8.6953065412
0.6888597373,-0.70251705381,-1.7343334505,0.07039625606,8.5422862151
0.69060173806,-0.70149104127,-1.6956395728,0.37718724749,8.379316839
0.69234373883,-0.69907818814,-1.6577132106,0.6768999587,8.2066450651
0.69411918243,-0.69522617383,-1.619893842,0.97479304432,8.0209378482
0.69589462603,-0.69000415557,-1.5829623282,1.2647549667,7.8256925016
0.69767006963,-0.68344974814,-1.5469624635,1.5465075417,7.6211928351
0.69944551324,-0.67560184085,-1.5119367028,1.8197820337,7.4077297049
0.7012629256,-0.66627058661,-1.4771347834,2.0904647616,7.1802475801
0.70308033796,-0.65567032587,-1.4434391567,2.3517248556,6.9440113663
0.70489775032,-0.64384662721,-1.410890794,2.6033056176,6.6993540618
0.70671516268,-0.63084625791,-1.3795290628,2.8449612229,6.4466151092
0.70858621659,-0.61628346132,-1.3485211605,3.0831328009,6.178338148
0.7104572705,-0.60057780101,-1.3188502924,3.3102918276,5.9022452714
0.71232832441,-0.58378393805,-1.2905538918,3.5262068588,5.6187261199
0.71419937832,-0.56595763919,-1.2636674643,3.7306590907,5.3281761146
0.71614388831,-0.546398466,-1.2372555861,3.9307701904,5.0191994298
0.7180883983,-0.52585046447,-1.2124381786,4.1180616333,4.7035177324
0.72003290829,-0.50437959042,-1.1892482915,4.2923317873,4.3815921896
0.72197741828,-0.48205279038,-1.1677166077,4.4533941171,4.0538890004
0.72404509018,-0.45744892298,-1.1466718654,4.6099769987,3.6996189903
0.72611276208,-0.43203664447,-1.1275650159,4.7512452049,3.3399199336
0.72818043398,-0.40589953947,-1.1104239649,4.8770311097,2.9753678124
0.73024810588,-0.3791220493,-1.0952734803,4.9871866701,2.6065428094
0.73251350392,-0.34914967118,-1.0809849002,5.0897807125,2.1982344242
0.73477890196,-0.31862379527,-1.0691357126,5.173316554,1.7862698945
0.7370443,-0.28765810253,-1.0597453546,5.2376807837,1.3714248071
0.73930969804,-0.25636686394,-1.0528286431,5.2827883842,0.95447743253
0.74139975134,-0.2273079851,-1.0486500313,5.3072766279,0.56861186474
0.74348980463,-0.19815991006,-1.0465901676,5.3153023418,0.1822342984
0.74557985793,-0.16901297311,-1.0466501778,5.3068630596,-0.20404178699
0.74766991122,-0.13995746575,-1.0488278235,5.2819768459,-0.58960336078
0.74965266832,-0.11255997737,-1.0528459856,5.2432008951,-0.9541550194
0.75163542541,-0.085402641429,-1.0587573535,5.1897078295,-1.3169915652
0.75361818251,-0.058561889688,-1.066551648,5.1215641253,-1.6775935037
0.7556009396,-0.032113765001,-1.0762158913,5.0388527446,-2.0354434898
0.75752013702,-0.0069586309316,-1.0873365899,4.9450116315,-2.3787160331
0.75943933444,0.017689797142,-1.1001780176,4.8377196571,-2.7184637271
0.76135853186,0.041764050046,-1.1147212536,4.7170959071,-3.0542254421
0.76327772928,0.065197294494,-1.1309450628,4.583273732,-3.3855434319
0.76514913057,0.087366533724,-1.1483606847,4.4402156485,-3.7038975061
0.76702053187,0.10880281425,-1.1673279441,4.2848983372,-4.0171775633
0.76889193316,0.12944630803,-1.187820899,4.1174842489,-4.3249705132
0.77076333446,0.14923801611,-1.2098115887,3.9381484713,-4.6268676465
0.77259507703,0.16772951247,-1.2327579149,3.7512481621,-4.9162687197
0.77442681959,0.18529565188,-1.257080548,3.5532933985,-5.1992599151
0.77625856215,0.20188375523,-1.2827477776,3.3444831065,-5.4754719739
0.77809030472,0.21744212714,-1.3097261302,3.1250275029,-5.7445408602
0.7798877428,0.23165919528,-1.3374397508,2.8995475343,-6.0012805449
0.78168518087,0.24478910824,-1.366347072,2.6642500389,-6.2504635419
0.78348261895,0.25678608296,-1.396411664,2.4193648317,-6.4917622352
0.78528005703,0.26760544457,-1.4275955655,2.1651318363,-6.7248549636
0.78704754151,0.27705395612,-1.4593130193,1.9062624427,-6.9457553916
0.788815026,0.28528144026,-1.4920357137,1.6388428526,-7.1581222406
0.79058251049,0.29224881827,-1.5257233865,1.3631291891,-7.3616680844
0.79234999497,0.29791822075,-1.5603344574,1.0793866107,-7.5561121078
0.79409167062,0.30219950079,-1.5953016815,0.79220010834,-7.7385467124
0.79583334626,0.3051510587,-1.6310816986,0.49775418146,-7.9116219738
0.7975750219,0.30674033981,-1.6676311484,0.19632759743,-8.0750895263
0.79931669755,0.30693608233,-1.7049055515,-0.11179283626,-8.228708224
0.80103693381,0.30573223404,-1.7423881999,-0.42240308658,-8.3705397042
0.80275717007,0.30311220295,-1.7804887013,-0.73896449685,-8.50231753
0.80447740632,0.29904978798,-1.8191611796,-1.0611784188,-8.6238315087
0.80619764258,0.2935201527,-1.8583588275,-1.3887391029,-8.734879257
0.80790136392,0.28657440971,-1.8976509255,-1.718117875,-8.834353939
0.80960508526,0.27814509296,-1.937364189,-2.0521241664,-8.9231909209
0.8113088066,0.26821221331,-1.9774506543,-2.3904412692,-9.0012175976
0.81301252793,0.25675721193,-2.0178616046,-2.7327462766,-9.0682697742
0.8147056258,0.24384881248,-2.0582931605,-3.0765423546,-9.123877965
0.81639872367,0.22940498949,-2.0989471705,-3.4236233693,-9.1683504166
0.81809182154,0.21341188425,-2.1397738399,-3.7736552833,-9.2015519724
0.81978491941,0.19585713451,-2.1807227929,-4.1262987455,-9.2233565378
0.82147500151,0.17676536943,-2.2216700123,-4.4805752991,-9.2336392483
0.82316508361,0.15609745824,-2.2626372009,-4.8367633453,-9.2323423226
0.82485516571,0.13384570068,-2.3035727672,-5.1945107411,-9.2193686091
0.82654524781,0.11000396859,-2.3444247104,-5.5534609232,-9.1946307798
0.82824343277,0.084441927448,-2.3853354557,-5.9149795388,-9.1578475095
0.82994161772,0.057267081953,-2.4260554494,-6.2769782746,-9.1090409592
0.83163980267,0.028478124079,-2.4665309632,-6.6390834022,-9.0481537224
0.83333798762,-0.0019245804077,-2.5067080371,-7.0009177051,-8.9751392041
0.8350658364,-0.034512506629,-2.5472247195,-7.3684017944,-8.8883656745
0.83679368518,-0.068764946019,-2.5873192132,-7.7348078157,-8.7889750443
0.83852153396,-0.10467608715,-2.6269342574,-8.099729152,-8.6769538992
0.84024938274,-0.14223826869,-2.6660125587,-8.4627567187,-8.5523012001
0.84210364949,-0.18437445343,-2.7072876713,-8.8497698503,-8.4044900279
0.84395791623,-0.22838695778,-2.7478079847,-9.2336178276,-8.242175292
0.84581218297,-0.27425912866,-2.7875030136,-9.6137883806,-8.0654046806
0.84766644972,-0.3219718164,-2.8263025473,-9.9897679767,-7.8742432306
0.84943337867,-0.36912991073,-2.8623773803,-10.343668058,-7.6787710461
0.85120030762,-0.41791873345,-2.8975155841,-10.692850618,-7.4703930569
0.85296723658,-0.46831537175,-2.9316575291,-11.036870961,-7.2492105018
0.85473416553,-0.52029485214,-2.9647440898,-11.375285235,-7.0153395211
0.85656260565,-0.57572151534,-2.9978089816,-11.719107017,-6.7601080427
0.85839104578,-0.63278192477,-3.0296168666,-12.055963393,-6.491592233
0.8602194859,-0.69144148196,-3.0601044106,-12.385368793,-6.2099718926
0.86204792602,-0.75166326582,-3.0892091842,-12.706840984,-5.9154443215
0.86375505959,-0.80926528208,-3.1150805614,-12.999401866,-5.6289952147
0.86546219316,-0.86816121193,-3.1396438191,-13.284244609,-5.3316705419
0.86716932672,-0.92831561165,-3.1628506702,-13.560987557,-5.0236723843
0.86887646029,-0.98969133715,-3.184653763,-13.829253504,-4.7052161859
0.87049283407,-1.0488945457,-3.2039619138,-14.075106998,-4.3942588645
0.87210920786,-1.1091235491,-3.2219315483,-14.312715513,-4.0743361395
0.87372558164,-1.1703427113,-3.2385250813,-14.541772244,-3.7456638384
0.87534195543,-1.2325151051,-3.2537058657,-14.761975493,-3.4084683688
0.87690632564,-1.2935589755,-3.2670193298,-14.966384231,-3.0742283418
0.87847069584,-1.355424216,-3.2789446551,-15.161959175,-2.7324507084
0.88003506605,-1.4180740195,-3.2894513649,-15.348442503,-2.3833686025
0.88159943626,-1.481470532,-3.2985099582,-15.525582201,-2.0272241176
0.88313012456,-1.5441874864,-3.3059444451,-15.689627591,-1.672152842
0.88466081287,-1.6075447783,-3.3119395018,-15.844267554,-1.3108034424
0.88619150117,-1.6715041757,-3.316470405,-15.989283963,-0.94342696983
0.88772218947,-1.7360265832,-3.3195134551,-16.12446521,-0.57028222021
0.88923183402,-1.8001744632,-3.3210352751,-16.247955007,-0.19687727955
0.89074147856,-1.8647920571,-3.3210671495,-16.361489244,0.18161663939
0.8922511231,-1.9298395485,-3.3195894438,-16.46488521,0.56492999178
0.89376076764,-1.9952764112,-3.3165836053,-16.557967449,0.95278651265
0.89526022467,-2.060616426,-3.3120681181,-16.640046088,1.3422436262
0.89675968169,-2.1262589055,-3.3060118505,-16.711627063,1.7356204486
0.89825913872,-2.192162234,-3.298399942,-16.772561248,2.1326276647
0.89975859574,-2.2582842248,-3.2892186826,-16.822707593,2.5329701754
0.90125913175,-2.3246299097,-3.2784472156,-16.861957607,2.9366385795
0.90275966775,-2.3911084547,-3.2660802124,-16.890146836,3.3430392691
0.90426020376,-2.4576760617,-3.2521075235,-16.907159634,3.7518604468
0.90576073977,-2.524288495,-3.2365202374,-16.912889386,4.1627854416
0.90727679341,-2.5915898253,-3.2191242289,-16.907120503,4.5797690931
0.90879284704,-2.6588449272,-3.2000656678,-16.889643987,4.998236421
0.91030890068,-2.7260070451,-3.1793393257,-16.860379302,5.4178473242
0.91182495431,-2.7930291235,-3.1569413351,-16.819256189,5.8382577694
0.91338267454,-2.8616976045,-3.132183964,-16.764588311,6.2706899277
0.91494039477,-2.9301167224,-3.1056579983,-16.697285009,6.703218358
0.91649811501,-2.9982347231,-3.077363829,-16.617305249,7.1354590411
0.91805583524,-3.0659997099,-3.0473034232,-16.524620266,7.5670250623
0.91977916702,-3.1404952094,-3.0119935462,-16.407258847,8.043217773
0.9215024988,-3.2144245493,-2.9745333841,-16.274323247,8.5175777934
0.92322583058,-3.2877173039,-2.9349324322,-16.125828513,8.989572513
0.92494916236,-3.3603031596,-2.8932025988,-15.961809043,9.4586676371
0.92675794236,-3.4356510428,-2.8471295341,-15.773017725,9.9473178732
0.92856672235,-3.5100622126,-2.7987464844,-15.567269248,10.431564995
0.93037550234,-3.5834564086,-2.7480758248,-15.344673368,10.910790658
0.93218428233,-3.6557539489,-2.6951428624,-15.105364006,11.384378243
0.93374265489,-3.7171027398,-2.6477452611,-14.885902035,11.787411347
0.93530102745,-3.777528805,-2.5987090779,-14.654266493,12.18541314
0.93685940001,-3.8369826055,-2.5480556888,-14.410586334,12.577995753
0.93841777257,-3.8954151574,-2.4958080507,-14.155003847,12.964774354
0.9399030308,-3.9501113913,-2.4445503652,-13.900477147,13.327655072
0.94138828904,-4.0037946826,-2.3918893284,-13.63542586,13.684590443
0.94287354727,-4.0564243005,-2.3378487511,-13.360006689,14.035257446
0.94435880551,-4.1079601461,-2.2824536954,-13.074387084,14.379337155
0.94580476346,-4.1570440506,-2.2272482464,-12.786695424,14.707684814
0.94725072142,-4.2050181979,-2.1708093442,-12.489678711,15.02920535
0.94869667938,-4.2518475387,-2.1131634371,-12.183520233,15.343617744
0.95014263733,-4.2974977371,-2.0543380302,-11.868412499,15.650646012
0.95156657307,-4.3412676694,-1.9952836054,-11.549554063,15.945518715
0.9529905088,-4.3838301881,-1.9351412379,-11.222413384,16.232714942
0.95441444454,-4.4251547244,-1.8739400853,-10.8871997,16.511987281
0.95583838028,-4.4652115066,-1.8117102188,-10.544130324,16.783094254
0.95725284273,-4.5037180687,-1.7489064763,-10.195788359,17.044081095
0.95866730518,-4.5409175894,-1.6851494123,-9.8401454193,17.296554444
0.96008176763,-4.5767833959,-1.6204710433,-9.4774371088,17.540296667
0.96149623008,-4.6112897035,-1.554904181,-9.1079061451,17.775096996
0.96291264187,-4.6444563201,-1.4883902955,-8.7312794149,18.001056342
0.96432905365,-4.6762107156,-1.4210536103,-8.3483189049,18.217647784
0.96574546544,-4.7065298294,-1.3529293106,-7.9592884421,18.424681869
0.96716187722,-4.7353915932,-1.2840532712,-7.5644580801,18.621977023
0.96859304535,-4.7630523829,-1.2137333855,-7.1599048383,18.811259168
0.97002421349,-4.7891831613,-1.1427216626,-6.7500027343,18.99025095
0.97145538162,-4.8137643889,-1.0710570675,-6.3350480865,19.158790926
0.97288654975,-4.8367776496,-0.99877915451,-5.9153425756,19.316726747
0.9743508363,-4.8586826335,-0.92423573766,-5.4813276555,19.467193088
0.97581512285,-4.8789109209,-0.8491358052,-5.0429942829,19.606266103
0.9772794094,-4.8974465623,-0.77352340779,-4.6006809609,19.733813401
0.97874369595,-4.9142749176,-0.69744308429,-4.1547306619,19.849713344
0.98028315892,-4.9301116413,-0.61700157031,-3.6823441751,19.958882622
0.98182262189,-4.9440326977,-0.53614534116,-3.206729124,20.054940128
0.98336208485,-4.9560258708,-0.45492759237,-2.7282972659,20.137784089
0.98490154782,-4.9660806159,-0.37340190273,-2.2474638843,20.207326588
0.98678634369,-4.9757385744,-0.27324795158,-1.6561121758,20.274250019
0.98867113955,-4.9824649307,-0.17281271166,-1.0625606115,20.321018225
0.99055593542,-4.9862507215,-0.072196098286,-0.46758595572,20.347556239
0.99244073128,-4.9870908334,0.028501681663,0.12803232941,20.35382118
0.99433054846,-4.9849744654,0.12944838167,0.72509899322,20.339737921
0.99622036564,-4.9798980805,0.23027466733,1.3212409308,20.305284434
0.99811018282,-4.9718682142,0.33087961094,1.9156731486,20.25051497
1.0,-4.960895288,0.4311626343,2.5076138562,20.175516163
